-3.203	3.35442	-0.687189	0.976692	-0.605683	-0.00421849	0.13063	-0.117156	0.149081	0.100863	0	0	0	0	0	0	0	0	0	0	0	0	0	0	0	0
-4.11376	4.28527	-1.37657	-0.098892	-0.19302	-0.255215	-0.468128	0.0272813	-0.143254	-0.0624663	0	0	0	0	0	0	0	0	0	0	0	0	0	0	0	0
-4.46373	4.1968	-1.15707	0.76625	-0.636903	0.0626784	0.0537622	-0.240701	0.33084	0.144865	0	0	0	0	0	0	0	0	0	0	0	0	0	0	0	0
-4.01526	4.32188	-1.06008	0.787141	-0.690367	0.0462865	-0.0262476	-0.161443	0.1836	0.135986	0	0	0	0	0	0	0	0	0	0	0	0	0	0	0	0
-3.78511	4.23433	-0.900245	0.612642	-0.573522	0.0338524	-0.127035	-0.0797743	0.0428007	0.066161	0	0	0	0	0	0	0	0	0	0	0	0	0	0	0	0
-4.05539	4.98026	-1.03529	0.261817	-0.512919	0.0460662	-0.274958	-0.0377067	-0.0384423	-0.00668445	0	0	0	0	0	0	0	0	0	0	0	0	0	0	0	0
-4.28174	5.5055	-1.24295	0.355424	-0.579138	0.0405597	-0.241957	-0.0865328	0.0443831	0.0507373	0	0	0	0	0	0	0	0	0	0	0	0	0	0	0	0
-5.06423	-2.59631	-1.56431	-0.379072	-0.875035	-0.0963819	-0.0166695	-0.03268	0.037907	0.231111	0	0	0	0	0	0	0	0	0	0	0	0	0	0	0	0
-5.05489	-2.6632	-1.62694	-0.311999	-0.926745	-0.161493	0.0417659	-0.0157067	0.0313959	0.22429	0	0	0	0	0	0	0	0	0	0	0	0	0	0	0	0
-2.28772	1.12429	1.066	-0.357207	0.74005	0.13613	-0.0402427	-0.141355	0.186674	-0.0891095	0	0	0	0	0	0	0	0	0	0	0	0	0	0	0	0
-1.72122	1.44687	1.54142	-1.14144	0.786109	0.11933	-0.0789187	-0.0168218	0.0416133	-0.108225	0	0	0	0	0	0	0	0	0	0	0	0	0	0	0	0
-0.452943	-0.577718	0.046298	0.157738	1.09486	-0.745912	-0.29549	-0.125013	0.130454	0.0886358	0	0	0	0	0	0	0	0	0	0	0	0	0	0	0	0
-4.45055	4.80543	-1.1442	0.554174	-0.628902	0.110124	-0.130322	-0.184136	0.202067	0.0954307	0	0	0	0	0	0	0	0	0	0	0	0	0	0	0	0
2.29506	0.146395	0.558027	0.388809	-0.125965	0.135546	0.605661	0.0858618	-0.0530935	0.240582	0	0	0	0	0	0	0	0	0	0	0	0	0	0	0	0
2.89452	0.189366	1.16636	-0.0765663	-0.269804	-0.0345564	0.520746	0.0443375	0.0144666	0.332921	0	0	0	0	0	0	0	0	0	0	0	0	0	0	0	0
-4.41102	5.0068	-1.03411	-0.00568458	-0.498637	0.196	-0.356499	-0.0895965	0.0261931	-0.0202822	0	0	0	0	0	0	0	0	0	0	0	0	0	0	0	0
-3.53306	4.18833	-0.146995	-1.13073	-0.0149444	0.321317	-0.393984	0.107695	-0.216097	-0.199347	0	0	0	0	0	0	0	0	0	0	0	0	0	0	0	0
-3.05922	3.95303	-1.40619	-0.236793	0.277978	-0.600562	-0.384905	0.193864	-0.325733	-0.103458	0	0	0	0	0	0	0	0	0	0	0	0	0	0	0	0
-4.20064	5.27785	-0.915195	0.0233233	-0.443129	0.173338	-0.293677	-0.0698438	0.0161992	-0.018659	0	0	0	0	0	0	0	0	0	0	0	0	0	0	0	0
-4.22083	5.32033	-1.05784	-0.078905	-0.428794	0.103788	-0.400866	-0.0244955	-0.0719709	-0.0547197	0	0	0	0	0	0	0	0	0	0	0	0	0	0	0	0
-4.10428	5.14222	-1.13153	-0.0618072	-0.370203	-0.0149951	-0.431751	0.0111791	-0.12919	-0.0706738	0	0	0	0	0	0	0	0	0	0	0	0	0	0	0	0
-3.99366	5.00481	-1.16358	-0.0509025	-0.337708	-0.0918226	-0.424851	0.0429807	-0.171262	-0.0826489	0	0	0	0	0	0	0	0	0	0	0	0	0	0	0	0
-4.00105	3.98936	-1.56082	0.117662	-0.193422	-0.418122	-0.335519	0.015539	-0.0881366	0.0334852	0	0	0	0	0	0	0	0	0	0	0	0	0	0	0	0
-3.74973	-1.22604	-0.709516	0.737961	0.0383267	-0.644558	0.413003	-0.0336332	0.175133	-0.451702	0	0	0	0	0	0	0	0	0	0	0	0	0	0	0	0
-1.35183	-0.482554	1.06965	0.256981	1.18191	-0.306012	-0.0606076	-0.188668	0.235759	-0.0230818	0	0	0	0	0	0	0	0	0	0	0	0	0	0	0	0
3.2639	-0.40109	-0.77909	0.281619	1.08302	-0.379328	-0.702775	-0.254331	0.192348	0.495434	0	0	0	0	0	0	0	0	0	0	0	0	0	0	0	0
-0.854062	1.39371	0.0323944	0.00668336	0.483236	0.0359706	0.500741	0.0787459	0.00990823	0.185282	0	0	0	0	0	0	0	0	0	0	0	0	0	0	0	0
-0.864429	0.67222	-0.835389	0.120676	1.09895	-1.02173	-0.0415287	0.138611	-0.143968	-0.013713	0	0	0	0	0	0	0	0	0	0	0	0	0	0	0	0
1.9777	0.728505	1.18902	-0.950437	-0.0349549	-0.058436	0.739887	0.15797	-0.00756701	0.167291	0	0	0	0	0	0	0	0	0	0	0	0	0	0	0	0
5.84617	-0.01872	-1.87488	-0.016723	0.250757	0.676017	0.611712	0.088977	-0.0170928	-0.0623996	0	0	0	0	0	0	0	0	0	0	0	0	0	0	0	0
3.03417	0.889143	-1.23508	0.0472171	0.164897	0.509124	1.08351	0.278971	-0.174861	0.0382282	0	0	0	0	0	0	0	0	0	0	0	0	0	0	0	0
4.78746	-0.155646	0.0421584	0.222675	-0.396861	0.134009	0.248697	-0.0705569	0.0966473	0.228464	0	0	0	0	0	0	0	0	0	0	0	0	0	0	0	0
5.90524	-0.0563025	-2.10314	0.0541397	0.34755	0.824122	0.700924	0.142191	-0.0834581	-0.0876966	0	0	0	0	0	0	0	0	0	0	0	0	0	0	0	0
5.86333	-0.0129881	-0.987721	-0.193633	-0.383542	0.448876	0.725445	0.0574019	0.0616238	-0.197057	0	0	0	0	0	0	0	0	0	0	0	0	0	0	0	0
6.11841	-0.0947156	-1.50946	0.0103822	-0.0674944	0.62872	0.528195	0.00967107	0.0661512	-0.0878838	0	0	0	0	0	0	0	0	0	0	0	0	0	0	0	0
-5.23916	-2.79564	-1.70917	-0.408011	-1.12497	-0.00801158	0.0482891	-0.0294228	0.0421239	0.493512	0	0	0	0	0	0	0	0	0	0	0	0	0	0	0	0
-3.92286	-0.656562	0.077734	0.127512	0.161781	0.268599	0.169264	-0.205143	0.312684	-0.0108167	0	0	0	0	0	0	0	0	0	0	0	0	0	0	0	0
-1.66113	-0.223253	1.57485	0.0886403	0.778322	0.246166	0.261243	-0.16108	0.250145	0.102178	0	0	0	0	0	0	0	0	0	0	0	0	0	0	0	0
-5.0083	-2.44021	-1.24457	-0.410241	-0.814302	0.17439	0.0349078	-0.0693034	0.0930362	0.354975	0	0	0	0	0	0	0	0	0	0	0	0	0	0	0	0
-5.21342	-2.63951	-1.5528	-0.564199	-0.985694	0.1454	-0.0833562	-0.0419967	0.0185927	0.378572	0	0	0	0	0	0	0	0	0	0	0	0	0	0	0	0
-4.66213	-2.25836	-0.710795	-0.030137	-0.374902	0.106537	0.122279	-0.156938	0.241241	0.023914	0	0	0	0	0	0	0	0	0	0	0	0	0	0	0	0
-4.13469	-1.14211	0.206648	-0.739632	0.188184	0.674701	-0.124712	-0.126564	0.131492	-0.0784552	0	0	0	0	0	0	0	0	0	0	0	0	0	0	0	0
-2.7008	-0.870838	1.24085	0.0551397	0.89319	0.203789	-0.0171875	-0.267292	0.335004	-0.17983	0	0	0	0	0	0	0	0	0	0	0	0	0	0	0	0
-1.12373	-0.363479	1.92713	-0.157739	0.91918	0.233546	0.0572913	-0.20311	0.256626	0.147941	0	0	0	0	0	0	0	0	0	0	0	0	0	0	0	0
-2.25984	0.421393	1.49008	-0.937342	0.845077	0.534185	0.142632	-0.0254782	0.0806838	0.00597616	0	0	0	0	0	0	0	0	0	0	0	0	0	0	0	0
-1.3441	1.41066	1.71518	-1.76267	0.611329	0.34242	0.175856	0.152923	-0.105109	-0.0217604	0	0	0	0	0	0	0	0	0	0	0	0	0	0	0	0
-4.67911	-0.859666	-0.472609	-1.6143	-0.286457	0.88586	-0.565667	0.0351857	-0.209791	-0.0235388	0	0	0	0	0	0	0	0	0	0	0	0	0	0	0	0
-3.99605	4.49536	-0.518267	-0.675137	-0.179001	0.296927	-0.429835	0.0141844	-0.114981	-0.154495	0	0	0	0	0	0	0	0	0	0	0	0	0	0	0	0
-4.08775	3.31186	-0.198777	-1.18623	-0.054666	0.642864	-0.493408	0.0382196	-0.165978	-0.190394	0	0	0	0	0	0	0	0	0	0	0	0	0	0	0	0
-1.39859	2.08905	1.38257	-2.07809	0.273842	0.20202	-0.0306754	0.192199	-0.185711	-0.163094	0	0	0	0	0	0	0	0	0	0	0	0	0	0	0	0
-5.25274	-2.75934	-1.75475	-0.724274	-1.04229	0.0671925	-0.166822	0.0160749	-0.0800555	0.338337	0	0	0	0	0	0	0	0	0	0	0	0	0	0	0	0
-5.15807	-2.2906	-1.32628	-1.04882	-0.820324	0.452453	-0.342485	0.00386043	-0.11813	0.241658	0	0	0	0	0	0	0	0	0	0	0	0	0	0	0	0
-4.96991	-2.4776	-1.53392	-0.198271	-0.811706	-0.227885	0.0704891	-0.0348104	0.072073	0.105562	0	0	0	0	0	0	0	0	0	0	0	0	0	0	0	0
-5.20503	-2.48075	-1.33256	-1.24176	-0.855668	0.559898	-0.437348	0.0199586	-0.17309	0.300052	0	0	0	0	0	0	0	0	0	0	0	0	0	0	0	0
-4.93261	-2.39562	-0.948813	-0.560763	-0.598254	0.347977	-0.0949921	-0.0996701	0.0955509	0.211954	0	0	0	0	0	0	0	0	0	0	0	0	0	0	0	0
-4.1906	-1.50703	-0.0529467	-0.831479	0.219688	0.357918	-0.297451	-0.10304	0.066052	-0.387331	0	0	0	0	0	0	0	0	0	0	0	0	0	0	0	0
-2.74231	-1.03503	0.864565	0.219191	0.641657	0.258718	0.160882	-0.202249	0.294315	-0.116242	0	0	0	0	0	0	0	0	0	0	0	0	0	0	0	0
0.371024	0.198831	1.63897	-0.531599	0.247236	-0.251148	0.443777	0.0309176	0.0917665	0.105682	0	0	0	0	0	0	0	0	0	0	0	0	0	0	0	0
-2.34795	-0.799502	1.70882	0.491492	1.13549	0.305154	0.126817	-0.296452	0.383863	-0.101195	0	0	0	0	0	0	0	0	0	0	0	0	0	0	0	0
-2.35738	-0.785797	1.69453	0.361573	1.11067	0.303755	0.0672032	-0.302543	0.37924	-0.0983332	0	0	0	0	0	0	0	0	0	0	0	0	0	0	0	0
4.6967	-0.188171	-1.15516	0.410561	0.232175	0.612241	0.577637	0.132105	-0.131658	0.134095	0	0	0	0	0	0	0	0	0	0	0	0	0	0	0	0
4.45266	-0.165066	0.678745	0.178128	-0.549425	-0.07028	0.232467	-0.0869684	0.113649	0.345759	0	0	0	0	0	0	0	0	0	0	0	0	0	0	0	0
4.18977	0.0821381	1.40825	-0.622316	-0.690048	-0.671525	0.109996	-0.158265	0.287916	0.316473	0	0	0	0	0	0	0	0	0	0	0	0	0	0	0	0
3.82586	-0.12869	0.0675288	0.439948	-0.0926406	0.369674	0.646087	0.130113	-0.130622	0.284647	0	0	0	0	0	0	0	0	0	0	0	0	0	0	0	0
5.58546	-0.0317608	-2.1031	0.0569139	0.416259	0.791259	0.805097	0.222661	-0.173848	-0.0729914	0	0	0	0	0	0	0	0	0	0	0	0	0	0	0	0
4.15752	0.265265	-1.43425	-0.404201	0.468217	0.180231	0.745526	0.289596	-0.209996	-0.0521087	0	0	0	0	0	0	0	0	0	0	0	0	0	0	0	0
5.93318	-0.0487588	-0.19385	-0.30788	-0.713021	-0.0955519	0.10958	-0.198488	0.312915	-0.00493585	0	0	0	0	0	0	0	0	0	0	0	0	0	0	0	0
5.61826	0.0343278	-1.26724	-0.116139	-0.0870199	0.559384	0.767571	0.106084	-0.0041299	-0.0908351	0	0	0	0	0	0	0	0	0	0	0	0	0	0	0	0
6.17955	-0.183224	-2.22189	0.0733574	0.62361	0.524264	0.0089642	-0.074143	0.0863597	0.173649	0	0	0	0	0	0	0	0	0	0	0	0	0	0	0	0
6.59481	-0.18598	-1.87388	-0.0715142	0.254959	0.344769	-0.252055	-0.243848	0.28705	0.0763131	0	0	0	0	0	0	0	0	0	0	0	0	0	0	0	0
6.06785	-0.201667	-1.25088	0.0798315	0.126154	0.238683	-0.254599	-0.24133	0.259244	0.239304	0	0	0	0	0	0	0	0	0	0	0	0	0	0	0	0
6.24994	-0.122146	-1.846	-0.00845586	0.123603	0.692624	0.477037	0.0145867	0.0538075	-0.0977282	0	0	0	0	0	0	0	0	0	0	0	0	0	0	0	0
4.88	0.144792	0.839859	-0.66263	-0.817451	-0.554919	0.157429	-0.149759	0.295458	0.154267	0	0	0	0	0	0	0	0	0	0	0	0	0	0	0	0
3.46824	-0.124759	0.635486	-0.208922	0.365446	-0.640547	-0.337894	-0.231598	0.269828	0.534203	0	0	0	0	0	0	0	0	0	0	0	0	0	0	0	0
3.66026	-0.208635	-1.38958	0.0599107	1.43148	-0.714604	-0.778546	-0.157229	0.089753	0.538029	0	0	0	0	0	0	0	0	0	0	0	0	0	0	0	0
6.11493	-0.163654	-1.77043	-0.124357	0.490807	0.0134808	-0.42698	-0.240284	0.267278	0.252145	0	0	0	0	0	0	0	0	0	0	0	0	0	0	0	0
5.58232	0.0440158	0.781573	-0.642659	-1.19172	-0.540647	0.099835	-0.207426	0.362507	-0.0569005	0	0	0	0	0	0	0	0	0	0	0	0	0	0	0	0
-1.02658	0.175853	2.14223	-1.13803	0.832837	0.088871	0.0275822	-0.0902937	0.165802	-0.0151958	0	0	0	0	0	0	0	0	0	0	0	0	0	0	0	0
-0.0769451	0.655226	0.192607	-0.596062	1.05031	-1.08303	-0.0469577	0.147328	-0.119775	0.0530591	0	0	0	0	0	0	0	0	0	0	0	0	0	0	0	0
0.983182	1.39392	1.82095	-1.97044	-0.00130473	-0.580176	0.331312	0.177387	-0.0270523	0.0101943	0	0	0	0	0	0	0	0	0	0	0	0	0	0	0	0
2.2258	0.787421	0.468077	-1.05094	0.30296	-0.852694	0.178288	0.135506	-0.0335639	0.175858	0	0	0	0	0	0	0	0	0	0	0	0	0	0	0	0
-0.131171	0.340816	2.29109	-1.06313	0.846919	-0.1647	0.190199	-0.0374052	0.14854	0.158632	0	0	0	0	0	0	0	0	0	0	0	0	0	0	0	0
3.60124	0.328685	2.05136	-1.13636	-0.855326	-0.768122	0.386129	-0.0465835	0.233536	0.181566	0	0	0	0	0	0	0	0	0	0	0	0	0	0	0	0
0.26099	-0.0370331	2.25319	-0.28818	0.596782	0.0420153	0.276011	-0.109007	0.184493	0.326267	0	0	0	0	0	0	0	0	0	0	0	0	0	0	0	0
3.35145	0.0143146	2.2284	-0.472054	-0.753112	-0.602391	0.231802	-0.114742	0.214293	0.366533	0	0	0	0	0	0	0	0	0	0	0	0	0	0	0	0
1.30007	-0.213406	1.96083	0.24805	0.373332	-0.0522106	0.0941102	-0.148908	0.153615	0.492182	0	0	0	0	0	0	0	0	0	0	0	0	0	0	0	0
6.09498	-0.195588	-1.44165	0.0419002	0.262868	0.188354	-0.308702	-0.235435	0.250433	0.269035	0	0	0	0	0	0	0	0	0	0	0	0	0	0	0	0
6.1691	-0.134416	-2.62442	-0.0239474	0.764684	0.642372	0.208953	0.0355297	-0.012598	0.0177639	0	0	0	0	0	0	0	0	0	0	0	0	0	0	0	0
4.08112	-0.0618634	1.74114	-0.170451	-0.902169	-0.492922	0.147906	-0.12661	0.182928	0.388701	0	0	0	0	0	0	0	0	0	0	0	0	0	0	0	0
5.96364	-0.135972	-1.05313	-0.132073	-0.00167707	-0.0302438	-0.23832	-0.221641	0.273291	0.212645	0	0	0	0	0	0	0	0	0	0	0	0	0	0	0	0
3.5141	0.124673	2.20288	-0.714491	-0.806958	-0.710071	0.191549	-0.103301	0.222011	0.333506	0	0	0	0	0	0	0	0	0	0	0	0	0	0	0	0
0.858392	0.267857	1.92008	-0.879019	0.483971	-0.400257	0.277468	-0.010899	0.145135	0.214185	0	0	0	0	0	0	0	0	0	0	0	0	0	0	0	0
4.66546	0.0108115	-0.0764497	-0.365197	-0.300062	-0.27879	0.147994	-0.0757637	0.178581	0.104783	0	0	0	0	0	0	0	0	0	0	0	0	0	0	0	0
5.27222	-0.206933	-1.82862	0.0978173	0.840518	0.00610497	-0.379228	-0.145822	0.128829	0.401865	0	0	0	0	0	0	0	0	0	0	0	0	0	0	0	0
-0.342347	2.17704	1.52109	-1.86129	0.0955544	-0.266179	0.169232	0.185759	-0.106402	-0.0382731	0	0	0	0	0	0	0	0	0	0	0	0	0	0	0	0
-1.98778	0.482895	1.30071	-1.73164	0.425954	0.532084	-0.0515609	0.0720037	-0.0768884	-0.0888083	0	0	0	0	0	0	0	0	0	0	0	0	0	0	0	0
4.2744	0.328464	1.41691	-0.997398	-0.96353	-0.561954	0.591705	0.00836019	0.189507	0.0763614	0	0	0	0	0	0	0	0	0	0	0	0	0	0	0	0
5.11753	-0.0234085	0.559913	-0.273028	-0.723364	-0.207234	0.177937	-0.14752	0.240653	0.201794	0	0	0	0	0	0	0	0	0	0	0	0	0	0	0	0
-3.79073	-1.64708	0.243972	0.402715	0.527837	-0.0785518	0.139702	-0.245491	0.373587	-0.522019	0	0	0	0	0	0	0	0	0	0	0	0	0	0	0	0
-4.48826	-2.15687	-0.892031	-0.0654961	-0.069469	-0.340531	0.0376689	-0.0848324	0.154702	-0.565108	0	0	0	0	0	0	0	0	0	0	0	0	0	0	0	0
-5.12743	-2.61814	-1.50651	-0.700206	-0.850198	0.167384	-0.178619	-0.00371194	-0.0595566	0.181706	0	0	0	0	0	0	0	0	0	0	0	0	0	0	0	0
-4.39662	-2.02811	-0.990817	0.355877	-0.320979	-0.430996	0.305388	-0.0704712	0.196835	-0.296147	0	0	0	0	0	0	0	0	0	0	0	0	0	0	0	0
-3.70549	-1.57552	-0.237437	0.553693	0.274909	-0.379203	0.313646	-0.108134	0.241516	-0.433852	0	0	0	0	0	0	0	0	0	0	0	0	0	0	0	0
-4.20226	-1.83929	-0.944871	0.379054	-0.118559	-0.54578	0.284108	-0.0526494	0.17175	-0.37614	0	0	0	0	0	0	0	0	0	0	0	0	0	0	0	0
-3.98302	-1.63165	0.244361	-0.0335353	0.416849	0.271572	0.0172403	-0.227938	0.306759	-0.320752	0	0	0	0	0	0	0	0	0	0	0	0	0	0	0	0
-3.59673	-1.43702	0.263033	0.181114	0.532107	-0.0887137	0.152731	-0.16968	0.281873	-0.512487	0	0	0	0	0	0	0	0	0	0	0	0	0	0	0	0
-3.33107	-1.47122	-1.1352	0.441478	0.470779	-1.13864	0.186517	0.085179	-0.00961612	-0.576511	0	0	0	0	0	0	0	0	0	0	0	0	0	0	0	0
-1.44034	-0.523858	2.19186	0.143759	1.17589	0.194435	0.0550312	-0.2761	0.340795	0.0915967	0	0	0	0	0	0	0	0	0	0	0	0	0	0	0	0
-1.62672	-0.593533	2.0822	0.160543	1.1702	0.179586	0.0712477	-0.273756	0.348869	0.00680283	0	0	0	0	0	0	0	0	0	0	0	0	0	0	0	0
-2.60873	-0.690048	-0.627833	0.354215	0.421319	-0.481104	0.244139	0.0396299	0.0236263	-0.221043	0	0	0	0	0	0	0	0	0	0	0	0	0	0	0	0
1.86141	-0.128996	1.75891	-0.0999211	0.157658	-0.484051	0.0947394	-0.149585	0.217441	0.46681	0	0	0	0	0	0	0	0	0	0	0	0	0	0	0	0
0.990224	-0.591456	0.262956	0.573134	0.512531	-0.0635614	0.197553	-0.0662048	0.0890879	0.177484	0	0	0	0	0	0	0	0	0	0	0	0	0	0	0	0
-3.05674	-1.20527	1.23255	0.277076	1.01366	0.280728	0.0213428	-0.323725	0.417145	-0.308469	0	0	0	0	0	0	0	0	0	0	0	0	0	0	0	0
-2.94381	-1.10148	1.30375	0.23151	1.01418	0.272953	0.0564505	-0.291615	0.384378	-0.312303	0	0	0	0	0	0	0	0	0	0	0	0	0	0	0	0
-4.54499	-2.04595	-0.417944	-0.846098	0.0019043	0.38039	-0.301494	-0.0901797	0.0434852	-0.369959	0	0	0	0	0	0	0	0	0	0	0	0	0	0	0	0
-3.66057	-0.408524	0.420614	-2.0395	0.188229	0.761176	-0.478094	0.0859898	-0.216798	-0.234752	0	0	0	0	0	0	0	0	0	0	0	0	0	0	0	0
-2.43178	1.02669	1.15256	-2.2337	0.366044	0.526742	-0.290861	0.150183	-0.218487	-0.219771	0	0	0	0	0	0	0	0	0	0	0	0	0	0	0	0
3.67236	0.024757	-1.72351	-0.126365	0.219362	0.363639	0.823759	0.269826	-0.205021	-0.0210021	0	0	0	0	0	0	0	0	0	0	0	0	0	0	0	0
-0.459329	0.85159	-0.771238	0.536401	0.0238477	0.0979639	0.686244	0.113481	-0.0256274	0.00839133	0	0	0	0	0	0	0	0	0	0	0	0	0	0	0	0
0.0619424	-0.704345	-1.85474	0.0306961	0.21958	-0.0426168	0.566893	0.26233	-0.23853	-0.0376747	0	0	0	0	0	0	0	0	0	0	0	0	0	0	0	0
-3.40414	3.43913	-1.15924	0.83245	-0.47974	0.0443201	0.383641	-0.116909	0.231788	0.145514	0	0	0	0	0	0	0	0	0	0	0	0	0	0	0	0
-0.28922	1.1894	-0.96501	-0.670586	0.673746	-0.580778	0.246656	0.380822	-0.396737	-0.110948	0	0	0	0	0	0	0	0	0	0	0	0	0	0	0	0
0.50065	-0.445281	-2.35745	-0.0360201	1.50227	-1.55827	-0.568344	0.209124	-0.314817	-0.0179392	0	0	0	0	0	0	0	0	0	0	0	0	0	0	0	0
-3.54326	-1.59567	-1.21861	0.490273	0.296896	-1.14538	0.254628	0.0878651	0.00240376	-0.585456	0	0	0	0	0	0	0	0	0	0	0	0	0	0	0	0
-2.42161	-1.20757	-1.92658	0.0873683	0.798373	-1.61743	-0.162181	0.246401	-0.288782	-0.366623	0	0	0	0	0	0	0	0	0	0	0	0	0	0	0	0
0.452138	2.05078	-1.45399	0.123575	0.243985	0.197328	0.820117	0.271479	-0.201333	0.0610174	0	0	0	0	0	0	0	0	0	0	0	0	0	0	0	0
-1.50459	3.10881	-0.395654	-0.574083	0.261688	0.0478123	0.456252	0.270736	-0.240873	0.0399907	0	0	0	0	0	0	0	0	0	0	0	0	0	0	0	0
2.00827	-0.0397521	-2.36045	-0.0410477	1.48989	-1.12148	-0.338598	0.216889	-0.29565	0.0958842	0	0	0	0	0	0	0	0	0	0	0	0	0	0	0	0
1.1883	-0.268561	-1.88255	0.0848934	1.5141	-1.42933	-0.606518	0.0976095	-0.183313	0.12753	0	0	0	0	0	0	0	0	0	0	0	0	0	0	0	0
5.92505	-0.148953	-1.45756	-0.0661523	0.341678	-0.0998646	-0.431195	-0.252898	0.27769	0.305368	0	0	0	0	0	0	0	0	0	0	0	0	0	0	0	0
4.8361	-0.114755	-2.61942	-0.0751529	1.23713	-0.179909	-0.299268	0.0433653	-0.0848167	0.223097	0	0	0	0	0	0	0	0	0	0	0	0	0	0	0	0
6.41992	-0.147496	-2.342	-0.0422111	0.46216	0.669283	0.220391	-0.0312319	0.0777644	-0.0644813	0	0	0	0	0	0	0	0	0	0	0	0	0	0	0	0
4.35846	0.433631	1.12023	-1.2187	-0.856091	-0.549941	0.396486	-0.0312285	0.230519	-0.0837905	0	0	0	0	0	0	0	0	0	0	0	0	0	0	0	0
4.96759	0.0658376	-0.0887469	-0.53685	-0.171452	-0.198032	0.00140006	-0.152435	0.258936	0.119401	0	0	0	0	0	0	0	0	0	0	0	0	0	0	0	0
-0.160265	1.70043	-0.75626	-0.738546	1.00532	-0.643574	0.130492	0.373593	-0.408382	0.020723	0	0	0	0	0	0	0	0	0	0	0	0	0	0	0	0
-1.82795	2.19015	0.508667	-1.45034	0.80364	-0.237714	-0.149082	0.248699	-0.297313	-0.183604	0	0	0	0	0	0	0	0	0	0	0	0	0	0	0	0
-0.431966	0.751005	1.92225	-1.46036	0.769017	-0.00205431	0.116233	0.0438875	0.0360758	0.0648457	0	0	0	0	0	0	0	0	0	0	0	0	0	0	0	0
-3.19191	3.79667	-0.0789085	-1.35153	0.101964	0.206887	-0.409003	0.18076	-0.30856	-0.239079	0	0	0	0	0	0	0	0	0	0	0	0	0	0	0	0
-0.525685	0.323897	-1.39353	0.0631115	1.29553	-1.40331	-0.282629	0.185253	-0.236511	-0.0590068	0	0	0	0	0	0	0	0	0	0	0	0	0	0	0	0
-1.97171	1.54875	-0.278495	-0.327157	1.06308	-0.566749	-0.196437	0.0983789	-0.139697	-0.04261	0	0	0	0	0	0	0	0	0	0	0	0	0	0	0	0
-1.82381	2.8866	-0.831465	-0.235888	0.564844	-0.368227	0.0667929	0.182634	-0.204432	0.0450467	0	0	0	0	0	0	0	0	0	0	0	0	0	0	0	0
-2.85074	3.36552	-0.284482	0.226461	-0.0884448	0.160224	0.320078	-0.0526245	0.141289	0.184317	0	0	0	0	0	0	0	0	0	0	0	0	0	0	0	0
-1.43986	2.48159	0.591424	-0.911981	0.386836	0.163726	0.302168	0.161733	-0.116474	0.04346	0	0	0	0	0	0	0	0	0	0	0	0	0	0	0	0
2.83395	0.514036	2.33518	-1.44282	-0.651798	-0.722208	0.38882	0.00829781	0.175267	0.21224	0	0	0	0	0	0	0	0	0	0	0	0	0	0	0	0
4.28261	0.417548	1.45226	-1.1951	-1.02052	-0.637496	0.557318	0.0100064	0.203212	-0.0247548	0	0	0	0	0	0	0	0	0	0	0	0	0	0	0	0
-1.55352	3.16229	0.665056	-1.40934	0.0763479	-0.018807	0.0885758	0.190668	-0.171014	-0.0764293	0	0	0	0	0	0	0	0	0	0	0	0	0	0	0	0
-3.38876	-1.03691	0.969939	-0.686924	0.828509	0.482378	-0.198543	-0.179226	0.190015	-0.42078	0	0	0	0	0	0	0	0	0	0	0	0	0	0	0	0
-1.33393	-0.237156	2.1612	-0.601326	0.988757	0.249774	0.0748737	-0.17834	0.261358	0.0203138	0	0	0	0	0	0	0	0	0	0	0	0	0	0	0	0
4.69038	0.0331142	1.18544	-0.478983	-0.872174	-0.525764	0.12131	-0.171619	0.289324	0.239494	0	0	0	0	0	0	0	0	0	0	0	0	0	0	0	0
5.74243	0.00617236	-1.85844	-0.0675224	0.367569	0.440325	0.321355	0.00585518	0.0543028	0.0361114	0	0	0	0	0	0	0	0	0	0	0	0	0	0	0	0
5.60532	0.0761543	-0.408388	-0.347537	-0.589662	0.154422	0.532803	-0.0352083	0.171699	-0.107612	0	0	0	0	0	0	0	0	0	0	0	0	0	0	0	0
-4.45981	4.76884	-1.09274	0.327488	-0.567368	0.170257	-0.178733	-0.160212	0.164519	0.0688525	0	0	0	0	0	0	0	0	0	0	0	0	0	0	0	0
-4.28055	4.79688	-1.23103	0.732058	-0.6336	0.045781	0.047686	-0.185574	0.251544	0.169374	0	0	0	0	0	0	0	0	0	0	0	0	0	0	0	0
-4.1959	5.46421	-1.13749	0.168425	-0.505563	0.0944326	-0.236924	-0.0588171	0.0143715	0.0201959	0	0	0	0	0	0	0	0	0	0	0	0	0	0	0	0
1.33525	1.63661	-1.00152	-0.344375	0.400599	0.189007	0.924433	0.377045	-0.304833	0.0574388	0	0	0	0	0	0	0	0	0	0	0	0	0	0	0	0
-4.17245	4.63859	-1.39564	-0.0483554	-0.32094	-0.179514	-0.437548	0.0150438	-0.124643	-0.0216461	0	0	0	0	0	0	0	0	0	0	0	0	0	0	0	0
-3.95985	2.91407	-0.446348	-1.20377	0.10715	0.394952	-0.614291	0.104843	-0.285692	-0.245715	0	0	0	0	0	0	0	0	0	0	0	0	0	0	0	0
-4.06885	5.24468	-0.819796	-0.307297	-0.335093	0.186626	-0.380115	0.00137191	-0.0945108	-0.0858538	0	0	0	0	0	0	0	0	0	0	0	0	0	0	0	0
-4.17759	4.93565	-1.13894	0.153281	-0.352395	-0.00511549	-0.25986	-0.0699266	0.0322666	0.021566	0	0	0	0	0	0	0	0	0	0	0	0	0	0	0	0
-3.9542	5.02914	-1.09645	0.396704	-0.462312	0.0701544	-0.0119447	-0.0839205	0.10218	0.106676	0	0	0	0	0	0	0	0	0	0	0	0	0	0	0	0
5.72459	-0.0697909	-1.45601	0.079046	0.138529	0.432301	0.29677	-0.0312949	0.0790934	0.10948	0	0	0	0	0	0	0	0	0	0	0	0	0	0	0	0
4.41875	0.204421	0.298348	-0.302359	-0.554328	0.0519609	0.849584	0.114609	0.0201839	0.0992737	0	0	0	0	0	0	0	0	0	0	0	0	0	0	0	0
-3.54179	4.98086	-0.971968	-0.308451	-0.189159	-0.00736433	-0.22305	0.10599	-0.190062	-0.0702664	0	0	0	0	0	0	0	0	0	0	0	0	0	0	0	0
5.50264	-0.0255485	-2.43083	-0.0156526	0.694949	0.66464	0.650364	0.228627	-0.196326	-0.0148868	0	0	0	0	0	0	0	0	0	0	0	0	0	0	0	0
5.85363	-0.0375435	-2.25401	-0.0657671	0.430427	0.757477	0.730188	0.180267	-0.114998	-0.134556	0	0	0	0	0	0	0	0	0	0	0	0	0	0	0	0
0.712813	-0.247644	0.648157	0.32392	0.47958	-0.0983486	0.381012	0.00625979	0.0505102	0.11305	0	0	0	0	0	0	0	0	0	0	0	0	0	0	0	0
-2.84553	-1.00964	0.972238	0.433309	0.900826	0.0244267	0.203678	-0.21114	0.323613	-0.281487	0	0	0	0	0	0	0	0	0	0	0	0	0	0	0	0
-4.50137	-2.18808	-1.08577	0.165404	-0.306288	-0.434974	0.21358	-0.0565545	0.159192	-0.378507	0	0	0	0	0	0	0	0	0	0	0	0	0	0	0	0
-0.0463236	-0.349467	1.71229	0.237121	1.0624	-0.209501	-0.06375	-0.233962	0.272692	0.331654	0	0	0	0	0	0	0	0	0	0	0	0	0	0	0	0
5.28343	0.0113546	0.413789	-0.267689	-0.914843	-0.124665	0.490398	-0.0486478	0.167897	0.0511953	0	0	0	0	0	0	0	0	0	0	0	0	0	0	0	0
4.08249	0.0977509	1.71774	-0.794279	-0.750007	-0.762189	0.0552149	-0.188825	0.337875	0.254346	0	0	0	0	0	0	0	0	0	0	0	0	0	0	0	0
1.3253	0.364516	-1.70452	-0.216363	1.5587	-1.18977	-0.509401	0.188977	-0.283334	0.186108	0	0	0	0	0	0	0	0	0	0	0	0	0	0	0	0
-3.66894	-1.56746	-0.771703	0.595728	0.198297	-0.776028	0.333521	-0.00340266	0.124906	-0.513446	0	0	0	0	0	0	0	0	0	0	0	0	0	0	0	0
-3.75794	-1.55881	-0.978997	0.617497	0.109272	-0.897179	0.367288	0.0265312	0.0990531	-0.542049	0	0	0	0	0	0	0	0	0	0	0	0	0	0	0	0
-3.26927	-1.51112	-1.47999	0.32272	0.456901	-1.33809	0.106454	0.150768	-0.110592	-0.530418	0	0	0	0	0	0	0	0	0	0	0	0	0	0	0	0
5.76435	-0.0643213	-2.36138	-0.0237265	0.724253	0.45216	0.28586	0.0686232	-0.039884	0.101615	0	0	0	0	0	0	0	0	0	0	0	0	0	0	0	0
5.85434	-0.0124991	0.411326	-0.476899	-1.11893	-0.318827	0.136225	-0.209724	0.351444	-0.0868017	0	0	0	0	0	0	0	0	0	0	0	0	0	0	0	0
-2.71692	-1.08508	-0.279365	0.451097	0.814421	-0.743293	0.137876	-0.0155285	0.0862897	-0.383283	0	0	0	0	0	0	0	0	0	0	0	0	0	0	0	0
0.384682	-0.358123	2.0444	0.506511	0.463747	-0.0588872	0.198134	-0.118669	0.118878	0.438069	0	0	0	0	0	0	0	0	0	0	0	0	0	0	0	0
0.618795	-0.436969	1.2742	0.802367	0.406832	0.116406	0.32261	-0.0242346	0.00259207	0.315211	0	0	0	0	0	0	0	0	0	0	0	0	0	0	0	0
-3.08391	3.25888	-0.647885	0.973382	-0.608321	-0.0202839	0.13462	-0.108235	0.137115	0.0927208	0	0	0	0	0	0	0	0	0	0	0	0	0	0	0	0
-4.14838	4.32208	-1.29405	-0.136401	-0.198206	-0.180939	-0.47226	0.0152525	-0.129223	-0.0770153	0	0	0	0	0	0	0	0	0	0	0	0	0	0	0	0
-4.4467	4.18464	-1.14137	0.788209	-0.638103	0.0685698	0.067383	-0.243576	0.337032	0.15038	0	0	0	0	0	0	0	0	0	0	0	0	0	0	0	0
-3.99919	4.30093	-1.05043	0.776374	-0.682082	0.0377194	-0.021605	-0.155322	0.176932	0.135779	0	0	0	0	0	0	0	0	0	0	0	0	0	0	0	0
-3.85466	4.37033	-0.955241	0.623335	-0.606527	0.0334215	-0.114327	-0.0949918	0.0692703	0.0849114	0	0	0	0	0	0	0	0	0	0	0	0	0	0	0	0
-3.91286	4.84397	-0.950147	0.2765	-0.498904	0.043639	-0.257845	-0.0247596	-0.0541753	-0.010703	0	0	0	0	0	0	0	0	0	0	0	0	0	0	0	0
-4.25253	5.52823	-1.22395	0.331014	-0.56793	0.0419398	-0.247586	-0.0778075	0.0311443	0.043108	0	0	0	0	0	0	0	0	0	0	0	0	0	0	0	0
-5.04562	-2.58316	-1.52138	-0.369029	-0.848473	-0.0862265	-0.0180243	-0.0387455	0.0461888	0.212486	0	0	0	0	0	0	0	0	0	0	0	0	0	0	0	0
-5.05925	-2.66316	-1.59802	-0.343289	-0.91003	-0.129338	0.016508	-0.0160764	0.0242658	0.20457	0	0	0	0	0	0	0	0	0	0	0	0	0	0	0	0
-2.16418	0.639756	1.03136	-0.273425	0.882078	0.0911143	-0.0074913	-0.142704	0.197813	-0.124254	0	0	0	0	0	0	0	0	0	0	0	0	0	0	0	0
-1.36994	1.09567	1.59526	-1.33047	0.740987	0.0582848	-0.074307	-0.000331348	0.0356662	-0.152743	0	0	0	0	0	0	0	0	0	0	0	0	0	0	0	0
1.21697	-0.772963	-1.30111	-0.0165138	0.919407	-0.842812	-0.633239	-0.115906	0.0688939	0.149677	0	0	0	0	0	0	0	0	0	0	0	0	0	0	0	0
-4.44376	4.82594	-1.13595	0.561675	-0.630609	0.115668	-0.124839	-0.185688	0.205132	0.0993584	0	0	0	0	0	0	0	0	0	0	0	0	0	0	0	0
2.49715	0.0498932	0.440649	0.411845	-0.0824453	0.174757	0.580244	0.0803654	-0.0551333	0.214067	0	0	0	0	0	0	0	0	0	0	0	0	0	0	0	0
3.22832	0.147776	0.77004	0.0279518	-0.21881	0.0847013	0.509754	0.0451482	0.000926789	0.274117	0	0	0	0	0	0	0	0	0	0	0	0	0	0	0	0
-4.40902	5.03286	-1.0262	0.0705008	-0.511632	0.191279	-0.323737	-0.104819	0.0541148	-0.00890532	0	0	0	0	0	0	0	0	0	0	0	0	0	0	0	0
-3.5734	4.18392	-0.143698	-1.09805	-0.0164741	0.342582	-0.381041	0.0954504	-0.197341	-0.191987	0	0	0	0	0	0	0	0	0	0	0	0	0	0	0	0
-2.95834	4.06105	-1.32459	-0.308181	0.311081	-0.581637	-0.398887	0.205403	-0.342381	-0.116038	0	0	0	0	0	0	0	0	0	0	0	0	0	0	0	0
-4.212	5.32477	-0.925757	0.0405693	-0.457254	0.177759	-0.284768	-0.0739311	0.0238196	-0.0122505	0	0	0	0	0	0	0	0	0	0	0	0	0	0	0	0
-4.22727	5.30807	-1.05559	-0.07276	-0.432573	0.108237	-0.392274	-0.0286712	-0.0637274	-0.0502691	0	0	0	0	0	0	0	0	0	0	0	0	0	0	0	0
-4.08422	5.25498	-1.04714	-0.0631975	-0.400549	0.0455378	-0.42146	0.00739104	-0.125576	-0.0715335	0	0	0	0	0	0	0	0	0	0	0	0	0	0	0	0
-3.88083	4.99427	-1.05937	-0.0913848	-0.317105	-0.0679299	-0.419254	0.0627744	-0.199592	-0.10093	0	0	0	0	0	0	0	0	0	0	0	0	0	0	0	0
-4.08727	4.24356	-1.53501	0.1299	-0.250851	-0.358865	-0.359388	-0.000476142	-0.0756597	0.0186812	0	0	0	0	0	0	0	0	0	0	0	0	0	0	0	0
-3.71955	-1.23076	-0.696596	0.734945	0.0743734	-0.658389	0.408479	-0.0304937	0.17108	-0.469359	0	0	0	0	0	0	0	0	0	0	0	0	0	0	0	0
0.465444	-0.813605	-1.26406	0.22846	1.10931	-1.00649	-0.512993	-0.0750645	0.0433699	-0.0137866	0	0	0	0	0	0	0	0	0	0	0	0	0	0	0	0
4.16656	-0.532745	-1.62581	0.0901881	0.87408	-0.366439	-0.875983	-0.242558	0.154571	0.400341	0	0	0	0	0	0	0	0	0	0	0	0	0	0	0	0
-0.468708	1.1478	-0.230265	0.112797	0.531256	0.0291419	0.470616	0.0715013	0.010068	0.162056	0	0	0	0	0	0	0	0	0	0	0	0	0	0	0	0
-0.710209	0.118459	-1.51159	0.217311	1.1677	-1.33874	-0.17395	0.166939	-0.189362	-0.171439	0	0	0	0	0	0	0	0	0	0	0	0	0	0	0	0
3.03862	0.493429	0.79591	-0.733665	-0.165813	0.00521636	0.810079	0.16484	-0.0225311	0.111881	0	0	0	0	0	0	0	0	0	0	0	0	0	0	0	0
6.08153	-0.0670389	-2.04969	-0.00754386	0.301385	0.751637	0.537748	0.0634136	-0.000678559	-0.113944	0	0	0	0	0	0	0	0	0	0	0	0	0	0	0	0
3.99598	0.541404	-1.51384	0.0749014	0.197629	0.635723	1.04607	0.263734	-0.171962	-0.0212954	0	0	0	0	0	0	0	0	0	0	0	0	0	0	0	0
4.97622	-0.21065	-0.475496	0.301104	-0.138398	0.250078	0.085197	-0.100332	0.0995396	0.188971	0	0	0	0	0	0	0	0	0	0	0	0	0	0	0	0
6.01881	-0.0723486	-2.10632	0.0285412	0.298865	0.849451	0.699277	0.133696	-0.0721935	-0.154775	0	0	0	0	0	0	0	0	0	0	0	0	0	0	0	0
6.01364	-0.0793604	-1.30305	-0.0829642	-0.171472	0.542767	0.51834	0.0152813	0.0640582	-0.184262	0	0	0	0	0	0	0	0	0	0	0	0	0	0	0	0
6.36514	-0.14874	-2.05044	0.0505411	0.279619	0.729108	0.293226	-0.0363027	0.0799835	-0.0713198	0	0	0	0	0	0	0	0	0	0	0	0	0	0	0	0
-5.20963	-2.76637	-1.67254	-0.36762	-1.10169	-0.015414	0.0697175	-0.0341247	0.0552227	0.477503	0	0	0	0	0	0	0	0	0	0	0	0	0	0	0	0
-3.78823	-1.013	0.245429	0.0754481	0.252683	0.304594	0.183476	-0.190675	0.294352	-0.0135485	0	0	0	0	0	0	0	0	0	0	0	0	0	0	0	0
-1.89323	-0.186231	1.28007	0.238449	0.728746	0.223989	0.295327	-0.14502	0.236522	0.0808756	0	0	0	0	0	0	0	0	0	0	0	0	0	0	0	0
-4.97604	-2.43227	-1.19185	-0.394288	-0.784176	0.184107	0.0410279	-0.0747027	0.101699	0.348242	0	0	0	0	0	0	0	0	0	0	0	0	0	0	0	0
-5.19213	-2.47011	-1.5123	-0.528776	-0.961393	0.158097	-0.0876819	-0.0491172	0.027068	0.349752	0	0	0	0	0	0	0	0	0	0	0	0	0	0	0	0
-4.51501	-2.14783	-0.527875	0.0685721	-0.236321	0.106385	0.145184	-0.171258	0.267124	-0.0593474	0	0	0	0	0	0	0	0	0	0	0	0	0	0	0	0
-3.94824	-0.928776	0.398207	-0.829471	0.290097	0.717729	-0.130321	-0.112189	0.111661	-0.087235	0	0	0	0	0	0	0	0	0	0	0	0	0	0	0	0
-2.55215	-1.07758	0.83436	-0.119986	0.625502	0.104203	-0.0849447	-0.213673	0.255565	-0.141429	0	0	0	0	0	0	0	0	0	0	0	0	0	0	0	0
-0.815416	-0.318648	1.84633	-0.311381	0.822759	0.223411	0.06305	-0.161704	0.209804	0.135338	0	0	0	0	0	0	0	0	0	0	0	0	0	0	0	0
-1.82064	0.310704	1.62047	-0.82247	0.840834	0.454782	0.222815	-0.0185657	0.0855167	0.0705074	0	0	0	0	0	0	0	0	0	0	0	0	0	0	0	0
-1.05702	1.23786	1.76092	-1.72421	0.615385	0.292532	0.257231	0.165826	-0.102233	0.00754966	0	0	0	0	0	0	0	0	0	0	0	0	0	0	0	0
-4.54799	-0.560799	-0.306866	-1.74067	-0.205416	0.928241	-0.593284	0.0529144	-0.235968	-0.0679661	0	0	0	0	0	0	0	0	0	0	0	0	0	0	0	0
-3.86824	4.25854	-0.309076	-0.877695	-0.0825661	0.356434	-0.430919	0.0345304	-0.137398	-0.185182	0	0	0	0	0	0	0	0	0	0	0	0	0	0	0	0
-3.81149	3.03546	0.0884646	-1.47795	0.0863798	0.680065	-0.484315	0.0877553	-0.222146	-0.23063	0	0	0	0	0	0	0	0	0	0	0	0	0	0	0	0
-1.11236	1.83103	1.58559	-2.18447	0.366139	0.152807	0.0556442	0.209845	-0.176494	-0.151491	0	0	0	0	0	0	0	0	0	0	0	0	0	0	0	0
-5.25407	-2.74111	-1.69237	-0.786418	-1.01049	0.132056	-0.210425	0.015095	-0.092007	0.307855	0	0	0	0	0	0	0	0	0	0	0	0	0	0	0	0
-5.11736	-2.30152	-1.21798	-1.01828	-0.7646	0.475383	-0.325418	-0.00925167	-0.0944093	0.21135	0	0	0	0	0	0	0	0	0	0	0	0	0	0	0	0
-4.93447	-2.46215	-1.47692	-0.166527	-0.765467	-0.233839	0.0788724	-0.0407494	0.0839433	0.062783	0	0	0	0	0	0	0	0	0	0	0	0	0	0	0	0
-5.19707	-2.48935	-1.27746	-1.24628	-0.834514	0.591503	-0.443586	0.0150065	-0.168588	0.284107	0	0	0	0	0	0	0	0	0	0	0	0	0	0	0	0
-4.96094	-2.45676	-0.986534	-0.528207	-0.636999	0.329694	-0.0828965	-0.100209	0.0990563	0.231098	0	0	0	0	0	0	0	0	0	0	0	0	0	0	0	0
-4.33317	-1.74416	-0.243597	-0.956635	0.102475	0.376824	-0.352356	-0.0763727	0.0153015	-0.362853	0	0	0	0	0	0	0	0	0	0	0	0	0	0	0	0
-1.42166	-0.912616	0.312159	0.328366	0.657407	0.114061	0.0750207	-0.184782	0.262292	-0.086045	0	0	0	0	0	0	0	0	0	0	0	0	0	0	0	0
0.667102	0.160601	1.42141	-0.711678	0.235622	-0.225949	0.438411	0.0438997	0.0910291	-0.0127396	0	0	0	0	0	0	0	0	0	0	0	0	0	0	0	0
-2.27701	-0.826968	1.62971	0.509855	1.05425	0.286547	0.137463	-0.271588	0.349935	-0.0661884	0	0	0	0	0	0	0	0	0	0	0	0	0	0	0	0
-2.42679	-0.887244	1.58265	0.421063	1.06105	0.281474	0.0707708	-0.297743	0.373154	-0.119142	0	0	0	0	0	0	0	0	0	0	0	0	0	0	0	0
5.17747	-0.172014	-1.57038	0.328494	0.333084	0.722404	0.564673	0.129081	-0.124073	0.0748229	0	0	0	0	0	0	0	0	0	0	0	0	0	0	0	0
5.39992	-0.21295	-0.711619	0.218031	-0.0829935	0.299781	0.0350417	-0.122109	0.122566	0.156085	0	0	0	0	0	0	0	0	0	0	0	0	0	0	0	0
4.83691	0.0362146	0.608977	-0.579818	-0.507141	-0.509434	-0.09828	-0.188053	0.283243	0.0988023	0	0	0	0	0	0	0	0	0	0	0	0	0	0	0	0
4.26442	-0.146167	-0.689262	0.462643	0.102744	0.590638	0.692865	0.172653	-0.180487	0.146216	0	0	0	0	0	0	0	0	0	0	0	0	0	0	0	0
5.77193	-0.0718661	-2.32052	0.0495929	0.534576	0.804362	0.661863	0.183165	-0.146514	-0.0805639	0	0	0	0	0	0	0	0	0	0	0	0	0	0	0	0
4.10227	0.226865	-1.34795	-0.475739	0.552043	0.135442	0.57726	0.239956	-0.170036	-0.0683936	0	0	0	0	0	0	0	0	0	0	0	0	0	0	0	0
6.45003	-0.151902	-1.48569	-0.145091	0.0210309	0.256692	-0.215848	-0.237215	0.284218	-0.0564083	0	0	0	0	0	0	0	0	0	0	0	0	0	0	0	0
5.55712	0.00173503	-1.39786	-0.0722845	0.0736609	0.628965	0.675179	0.0993221	-0.0224368	-0.116026	0	0	0	0	0	0	0	0	0	0	0	0	0	0	0	0
6.28157	-0.230667	-2.43793	0.0763368	0.846307	0.421932	-0.345095	-0.156909	0.133814	0.22042	0	0	0	0	0	0	0	0	0	0	0	0	0	0	0	0
6.55168	-0.226097	-2.12783	-0.0268693	0.538589	0.292442	-0.534402	-0.273901	0.266946	0.0999392	0	0	0	0	0	0	0	0	0	0	0	0	0	0	0	0
6.20043	-0.204874	-1.8667	0.0789647	0.404126	0.505845	-0.121332	-0.144916	0.146965	0.0663214	0	0	0	0	0	0	0	0	0	0	0	0	0	0	0	0
6.20327	-0.118881	-2.00273	0.000627644	0.244536	0.752228	0.471038	0.0432162	0.00859003	-0.149892	0	0	0	0	0	0	0	0	0	0	0	0	0	0	0	0
5.45579	0.0577602	0.127719	-0.600474	-0.583194	-0.368999	-0.0470477	-0.190915	0.302362	-0.0227013	0	0	0	0	0	0	0	0	0	0	0	0	0	0	0	0
4.60135	-0.231483	-0.884883	-0.138239	0.753283	-0.607602	-0.805782	-0.26634	0.229399	0.41197	0	0	0	0	0	0	0	0	0	0	0	0	0	0	0	0
5.1757	-0.245779	-2.05699	-0.0540797	1.21704	-0.477648	-0.925821	-0.226006	0.158477	0.403669	0	0	0	0	0	0	0	0	0	0	0	0	0	0	0	0
5.71482	-0.255152	-2.21112	-0.00224452	1.07014	-0.160573	-0.8219	-0.247381	0.192603	0.346953	0	0	0	0	0	0	0	0	0	0	0	0	0	0	0	0
5.93917	-0.020392	-0.223735	-0.529696	-0.609131	-0.266489	-0.208424	-0.25009	0.345627	-0.174461	0	0	0	0	0	0	0	0	0	0	0	0	0	0	0	0
-1.17224	0.0139022	1.99454	-1.22298	0.908053	0.123229	-0.0212201	-0.077575	0.142659	-0.0777109	0	0	0	0	0	0	0	0	0	0	0	0	0	0	0	0
1.40106	0.319972	-0.0241987	-0.774401	0.811327	-1.20118	-0.118482	0.125196	-0.0804193	0.0511769	0	0	0	0	0	0	0	0	0	0	0	0	0	0	0	0
1.88867	0.91896	1.90597	-1.94125	-0.109106	-0.671681	0.371381	0.140445	0.0400582	-0.0180057	0	0	0	0	0	0	0	0	0	0	0	0	0	0	0	0
3.49102	0.324695	-0.534239	-0.774766	0.5855	-0.865091	-0.186212	0.0463133	0.00127772	0.134037	0	0	0	0	0	0	0	0	0	0	0	0	0	0	0	0
1.282	0.533942	2.00039	-1.52728	0.408043	-0.529823	0.251666	0.0519077	0.100878	0.105487	0	0	0	0	0	0	0	0	0	0	0	0	0	0	0	0
3.12656	0.415149	2.05097	-1.32667	-0.566747	-0.711277	0.377196	0.00337519	0.174268	0.112887	0	0	0	0	0	0	0	0	0	0	0	0	0	0	0	0
-0.650158	-0.204636	2.35003	-0.257319	0.946591	0.18341	0.161624	-0.165788	0.233477	0.235285	0	0	0	0	0	0	0	0	0	0	0	0	0	0	0	0
3.63383	0.0108479	1.87538	-0.474318	-0.697983	-0.522907	0.169316	-0.122909	0.210242	0.229236	0	0	0	0	0	0	0	0	0	0	0	0	0	0	0	0
0.785115	-0.245481	1.82857	0.33022	0.574797	0.0140777	0.0599202	-0.123941	0.103106	0.4198	0	0	0	0	0	0	0	0	0	0	0	0	0	0	0	0
6.01835	-0.243097	-1.79472	0.110134	0.606273	0.227359	-0.529405	-0.246625	0.211848	0.259312	0	0	0	0	0	0	0	0	0	0	0	0	0	0	0	0
6.22878	-0.165652	-2.65053	-0.0277478	0.833648	0.532933	-0.0295116	-0.0300637	0.0330706	0.0443789	0	0	0	0	0	0	0	0	0	0	0	0	0	0	0	0
5.73794	-0.106853	0.146549	-0.181987	-0.784434	-0.227744	-0.173015	-0.255491	0.308714	0.0441721	0	0	0	0	0	0	0	0	0	0	0	0	0	0	0	0
6.28111	-0.188519	-1.48114	-0.0609825	0.216454	0.0738739	-0.545326	-0.295432	0.297716	0.142983	0	0	0	0	0	0	0	0	0	0	0	0	0	0	0	0
2.24935	-0.0128055	2.14746	-0.458937	-0.138101	-0.387035	0.146414	-0.110725	0.187081	0.293094	0	0	0	0	0	0	0	0	0	0	0	0	0	0	0	0
2.99878	0.116082	0.93992	-0.642879	-0.043316	-0.399415	0.20804	-0.0249981	0.134629	0.0496931	0	0	0	0	0	0	0	0	0	0	0	0	0	0	0	0
5.21617	-0.00998025	-0.551748	-0.377888	-0.237629	-0.134924	-0.00321411	-0.125323	0.209935	-0.0557626	0	0	0	0	0	0	0	0	0	0	0	0	0	0	0	0
5.5516	-0.226701	-2.18012	0.0707712	0.981319	0.0544864	-0.511332	-0.166979	0.132471	0.346394	0	0	0	0	0	0	0	0	0	0	0	0	0	0	0	0
0.362336	1.65215	1.81292	-1.90315	0.080323	-0.366395	0.265343	0.16585	-0.0462339	-0.0079285	0	0	0	0	0	0	0	0	0	0	0	0	0	0	0	0
-1.94449	0.160093	1.28014	-1.64071	0.427474	0.520377	-0.0236651	0.059324	-0.0576274	-0.0672152	0	0	0	0	0	0	0	0	0	0	0	0	0	0	0	0
4.88234	0.236772	0.563701	-0.816972	-0.773522	-0.266377	0.584675	0.0227089	0.147624	-0.149588	0	0	0	0	0	0	0	0	0	0	0	0	0	0	0	0
5.23401	0.0294733	0.330059	-0.400116	-0.714931	-0.0852604	0.303465	-0.0858262	0.186877	-0.058892	0	0	0	0	0	0	0	0	0	0	0	0	0	0	0	0
-3.78263	-1.66952	0.236423	0.393109	0.532344	-0.0869883	0.134209	-0.240277	0.366052	-0.536105	0	0	0	0	0	0	0	0	0	0	0	0	0	0	0	0
-4.36701	-2.10233	-0.759151	-0.0544443	0.0519817	-0.341953	0.0299962	-0.0895166	0.160411	-0.615557	0	0	0	0	0	0	0	0	0	0	0	0	0	0	0	0
-5.08156	-2.54112	-1.27576	-0.713959	-0.700782	0.264495	-0.215142	-0.0368717	-0.0227973	0.074335	0	0	0	0	0	0	0	0	0	0	0	0	0	0	0	0
-4.35556	-2.01512	-0.944864	0.363725	-0.269209	-0.435388	0.300104	-0.0705374	0.196376	-0.329687	0	0	0	0	0	0	0	0	0	0	0	0	0	0	0	0
-3.54366	-1.48364	-0.0949654	0.573724	0.377633	-0.37096	0.307436	-0.109452	0.238921	-0.429528	0	0	0	0	0	0	0	0	0	0	0	0	0	0	0	0
-4.11754	-1.83482	-1.0756	0.406615	-0.104234	-0.692964	0.293511	-0.0129453	0.126849	-0.406172	0	0	0	0	0	0	0	0	0	0	0	0	0	0	0	0
-3.81303	-1.55381	0.344788	0.117087	0.569089	0.165899	0.0726812	-0.231858	0.332646	-0.407344	0	0	0	0	0	0	0	0	0	0	0	0	0	0	0	0
-3.39875	-1.35898	0.393933	0.108179	0.605802	-0.106265	0.148339	-0.152031	0.260053	-0.510435	0	0	0	0	0	0	0	0	0	0	0	0	0	0	0	0
-3.20893	-1.4346	-1.14776	0.429133	0.568977	-1.18683	0.148947	0.0898923	-0.020312	-0.61004	0	0	0	0	0	0	0	0	0	0	0	0	0	0	0	0
-1.35189	-0.602319	2.01757	0.175318	1.14758	0.128225	0.0140358	-0.270695	0.326902	0.0824675	0	0	0	0	0	0	0	0	0	0	0	0	0	0	0	0
-1.32795	-0.574798	2.08252	0.154111	1.08593	0.101525	0.0842106	-0.254575	0.327501	0.0529599	0	0	0	0	0	0	0	0	0	0	0	0	0	0	0	0
-2.50147	-0.612124	-0.487343	0.361765	0.49221	-0.499225	0.231008	0.0406046	0.0176975	-0.207616	0	0	0	0	0	0	0	0	0	0	0	0	0	0	0	0
2.02786	-0.171753	1.21714	-0.000184698	0.321237	-0.471989	-0.0562941	-0.150598	0.185865	0.411908	0	0	0	0	0	0	0	0	0	0	0	0	0	0	0	0
0.981866	-0.583602	0.00276712	0.60873	0.536735	-0.06026	0.151867	-0.0567383	0.0670527	0.165179	0	0	0	0	0	0	0	0	0	0	0	0	0	0	0	0
-3.33155	-1.38486	1.08531	0.200895	0.947431	0.326378	0.00440481	-0.323997	0.418153	-0.391987	0	0	0	0	0	0	0	0	0	0	0	0	0	0	0	0
-2.93563	-1.11581	1.29298	0.185507	1.00588	0.275544	0.0548563	-0.277845	0.367498	-0.318394	0	0	0	0	0	0	0	0	0	0	0	0	0	0	0	0
-4.40487	-1.94018	-0.291321	-0.890198	0.0906909	0.381764	-0.298506	-0.078215	0.0317449	-0.394676	0	0	0	0	0	0	0	0	0	0	0	0	0	0	0	0
-3.10661	-0.193616	0.94522	-2.09348	0.454189	0.726655	-0.362778	0.0801671	-0.163798	-0.267294	0	0	0	0	0	0	0	0	0	0	0	0	0	0	0	0
-1.9452	0.727849	1.40214	-2.31965	0.387862	0.426711	-0.180882	0.157014	-0.186176	-0.189811	0	0	0	0	0	0	0	0	0	0	0	0	0	0	0	0
3.57205	-0.103279	-1.65486	-0.0481646	0.244883	0.259339	0.641889	0.210126	-0.158091	-0.0635312	0	0	0	0	0	0	0	0	0	0	0	0	0	0	0	0
0.559931	0.765102	-0.896147	0.493017	0.083208	0.21782	0.733928	0.141309	-0.0612864	0.00955344	0	0	0	0	0	0	0	0	0	0	0	0	0	0	0	0
0.746789	-0.516801	-1.71095	0.124943	0.317007	0.032708	0.586236	0.246285	-0.218857	-0.0705364	0	0	0	0	0	0	0	0	0	0	0	0	0	0	0	0
-3.08563	3.18198	-1.14943	0.854563	-0.433479	0.0417192	0.441693	-0.0902726	0.205764	0.124536	0	0	0	0	0	0	0	0	0	0	0	0	0	0	0	0
-0.130712	1.07366	-0.579381	-0.841438	0.789718	-0.546359	0.243904	0.365066	-0.364208	-0.125318	0	0	0	0	0	0	0	0	0	0	0	0	0	0	0	0
0.98038	-0.489886	-2.36888	-0.0351416	1.4511	-1.3738	-0.595439	0.154775	-0.252969	0.00417642	0	0	0	0	0	0	0	0	0	0	0	0	0	0	0	0
-3.49612	-1.56958	-1.23085	0.495847	0.326814	-1.17952	0.249248	0.0968233	-0.00958663	-0.599496	0	0	0	0	0	0	0	0	0	0	0	0	0	0	0	0
-1.59143	-0.990363	-2.08649	0.0404883	1.06461	-1.68945	-0.316076	0.250546	-0.320164	-0.291194	0	0	0	0	0	0	0	0	0	0	0	0	0	0	0	0
1.03282	1.77163	-1.48914	0.162219	0.253238	0.28045	0.849093	0.2573	-0.181298	0.049293	0	0	0	0	0	0	0	0	0	0	0	0	0	0	0	0
-0.846308	2.49499	-0.150681	-0.731985	0.370888	0.0429461	0.564168	0.306852	-0.255765	0.0345339	0	0	0	0	0	0	0	0	0	0	0	0	0	0	0	0
2.16619	-0.174297	-2.4638	-0.0199808	1.59491	-1.23347	-0.565529	0.155104	-0.251096	0.106538	0	0	0	0	0	0	0	0	0	0	0	0	0	0	0	0
2.72775	-0.30939	-2.42068	-0.0170859	1.55622	-1.1847	-0.832499	0.0256661	-0.136076	0.231258	0	0	0	0	0	0	0	0	0	0	0	0	0	0	0	0
6.09215	-0.20476	-2.08052	-0.0536647	0.732588	-0.0782317	-0.699078	-0.270377	0.250101	0.246982	0	0	0	0	0	0	0	0	0	0	0	0	0	0	0	0
4.82202	-0.115131	-2.61352	-0.096475	1.24784	-0.205177	-0.399895	0.0127702	-0.0613657	0.184765	0	0	0	0	0	0	0	0	0	0	0	0	0	0	0	0
6.48676	-0.190738	-2.52182	-0.0194502	0.669038	0.575149	-0.0911481	-0.103136	0.116272	0.00839978	0	0	0	0	0	0	0	0	0	0	0	0	0	0	0	0
5.11563	0.238644	0.302933	-0.944379	-0.645468	-0.33091	0.25169	-0.0687471	0.2278	-0.225711	0	0	0	0	0	0	0	0	0	0	0	0	0	0	0	0
4.80516	0.0341668	-0.0671503	-0.573949	-0.0296425	-0.292253	-0.190192	-0.186513	0.272537	0.0762845	0	0	0	0	0	0	0	0	0	0	0	0	0	0	0	0
1.3347	0.892387	-1.41149	-0.558885	1.28837	-0.852528	-0.0735179	0.328488	-0.381164	0.0663674	0	0	0	0	0	0	0	0	0	0	0	0	0	0	0	0
-1.00506	1.45696	0.901639	-1.69307	0.861954	-0.352603	-0.0179492	0.264016	-0.259634	-0.188146	0	0	0	0	0	0	0	0	0	0	0	0	0	0	0	0
0.107304	0.527415	1.71565	-1.25741	0.836968	-0.18806	0.0996176	0.0241674	0.0655666	0.0941408	0	0	0	0	0	0	0	0	0	0	0	0	0	0	0	0
-2.24592	3.32197	0.351339	-1.55334	0.151475	0.0388227	-0.208129	0.21157	-0.273692	-0.209703	0	0	0	0	0	0	0	0	0	0	0	0	0	0	0	0
-0.683581	0.0971074	-1.69094	0.0188853	1.37718	-1.59705	-0.415065	0.212807	-0.291324	-0.134811	0	0	0	0	0	0	0	0	0	0	0	0	0	0	0	0
-1.94369	1.08958	-0.278529	-0.251396	1.20118	-0.678334	-0.187157	0.0872218	-0.112675	-0.117822	0	0	0	0	0	0	0	0	0	0	0	0	0	0	0	0
-1.92915	2.65819	-0.5942	-0.218657	0.568518	-0.323278	0.105415	0.144839	-0.142855	0.0625359	0	0	0	0	0	0	0	0	0	0	0	0	0	0	0	0
-2.82046	3.35066	-0.407317	0.307954	-0.121497	0.169681	0.353147	-0.0528472	0.145718	0.185944	0	0	0	0	0	0	0	0	0	0	0	0	0	0	0	0
-1.29698	2.32574	0.670956	-0.892311	0.422911	0.1672	0.365641	0.169987	-0.113277	0.0592668	0	0	0	0	0	0	0	0	0	0	0	0	0	0	0	0
3.24056	0.466299	2.14408	-1.41987	-0.71268	-0.762195	0.403938	0.00895578	0.182494	0.125021	0	0	0	0	0	0	0	0	0	0	0	0	0	0	0	0
4.30382	0.419073	1.28961	-1.23857	-0.905604	-0.600334	0.489533	0.0181369	0.179996	-0.134504	0	0	0	0	0	0	0	0	0	0	0	0	0	0	0	0
-1.0841	2.83478	0.827492	-1.51394	0.0849332	-0.0685477	0.161173	0.200118	-0.156043	-0.0791907	0	0	0	0	0	0	0	0	0	0	0	0	0	0	0	0
-3.07593	-0.94721	1.28062	-0.647371	0.982781	0.492385	-0.139885	-0.192696	0.223762	-0.378512	0	0	0	0	0	0	0	0	0	0	0	0	0	0	0	0
-0.701412	-0.132831	2.16397	-0.613852	0.992369	0.0732837	0.0779727	-0.160932	0.249958	0.109119	0	0	0	0	0	0	0	0	0	0	0	0	0	0	0	0
5.5665	-0.0267091	0.182096	-0.433168	-0.65017	-0.326091	-0.101472	-0.235504	0.332288	0.0556399	0	0	0	0	0	0	0	0	0	0	0	0	0	0	0	0
5.81378	-0.0604971	-2.26271	-0.0548609	0.739814	0.303001	-0.132602	-0.0826532	0.0924803	0.0918576	0	0	0	0	0	0	0	0	0	0	0	0	0	0	0	0
5.77273	0.0427208	-1.28544	-0.226286	-0.0836976	0.491486	0.535413	0.019832	0.0806677	-0.178899	0	0	0	0	0	0	0	0	0	0	0	0	0	0	0	0
-4.48494	4.67901	-1.08577	0.353767	-0.578468	0.178787	-0.168702	-0.172138	0.182503	0.0711635	0	0	0	0	0	0	0	0	0	0	0	0	0	0	0	0
-4.21048	4.80091	-1.19192	0.733731	-0.60782	0.0523813	0.068803	-0.179355	0.247654	0.172784	0	0	0	0	0	0	0	0	0	0	0	0	0	0	0	0
-4.17214	5.4184	-1.08981	0.207113	-0.503655	0.112404	-0.195484	-0.071154	0.0411373	0.0351271	0	0	0	0	0	0	0	0	0	0	0	0	0	0	0	0
2.91235	0.907185	-1.21903	-0.27679	0.410719	0.36894	1.02896	0.366131	-0.279999	0.0171641	0	0	0	0	0	0	0	0	0	0	0	0	0	0	0	0
-4.2133	4.92346	-1.29449	-0.057611	-0.350717	-0.0826269	-0.434996	-0.00357364	-0.10069	-0.0395581	0	0	0	0	0	0	0	0	0	0	0	0	0	0	0	0
-3.6461	2.70744	-0.00420106	-1.31564	0.295636	0.452458	-0.517208	0.0961828	-0.240561	-0.272147	0	0	0	0	0	0	0	0	0	0	0	0	0	0	0	0
-4.00965	5.2105	-0.764997	-0.36632	-0.302564	0.188895	-0.381996	0.0139705	-0.110401	-0.0971708	0	0	0	0	0	0	0	0	0	0	0	0	0	0	0	0
-4.17645	4.91747	-1.13493	0.179971	-0.359369	-0.00314092	-0.245372	-0.0758295	0.0434851	0.0290465	0	0	0	0	0	0	0	0	0	0	0	0	0	0	0	0
-3.84274	4.88283	-1.05338	0.459471	-0.444985	0.0748107	0.0596983	-0.0902184	0.12682	0.133462	0	0	0	0	0	0	0	0	0	0	0	0	0	0	0	0
6.16807	-0.141698	-2.24526	0.0599886	0.555798	0.581151	0.0954487	-0.0556458	0.0770878	0.053349	0	0	0	0	0	0	0	0	0	0	0	0	0	0	0	0
4.721	0.0977212	-0.360138	-0.0922774	-0.280827	0.328284	0.775021	0.114556	-0.0208412	0.00354	0	0	0	0	0	0	0	0	0	0	0	0	0	0	0	0
-3.51311	4.98182	-0.95102	-0.283842	-0.198967	-0.0221878	-0.220231	0.0987958	-0.178666	-0.0630838	0	0	0	0	0	0	0	0	0	0	0	0	0	0	0	0
5.50849	-0.0345691	-2.45947	-0.03167	0.712492	0.643907	0.60092	0.21363	-0.18411	-0.0280088	0	0	0	0	0	0	0	0	0	0	0	0	0	0	0	0
5.63471	0.00921046	-2.18407	-0.0880258	0.43599	0.723479	0.775471	0.216153	-0.15349	-0.149412	0	0	0	0	0	0	0	0	0	0	0	0	0	0	0	0
1.67321	-0.157813	0.362062	0.189022	0.475091	-0.0178364	0.318995	-0.00321101	0.0543741	0.13996	0	0	0	0	0	0	0	0	0	0	0	0	0	0	0	0
-2.74341	-0.993325	1.11931	0.370082	0.93171	0.0885062	0.189805	-0.215042	0.321782	-0.240991	0	0	0	0	0	0	0	0	0	0	0	0	0	0	0	0
-4.4364	-2.1551	-1.05117	0.174868	-0.250802	-0.458355	0.206805	-0.0502328	0.150227	-0.417462	0	0	0	0	0	0	0	0	0	0	0	0	0	0	0	0
-0.305845	-0.485853	1.36902	0.32735	1.1827	-0.243667	-0.152789	-0.230429	0.250963	0.223464	0	0	0	0	0	0	0	0	0	0	0	0	0	0	0	0
5.00252	-0.00883504	0.143768	-0.0921262	-0.630741	0.123228	0.577065	0.035826	0.0360992	-3.49787e-5	0	0	0	0	0	0	0	0	0	0	0	0	0	0	0	0
4.53556	0.215468	1.20859	-1.06419	-0.731114	-0.766834	0.0303942	-0.143718	0.302101	-0.0208626	0	0	0	0	0	0	0	0	0	0	0	0	0	0	0	0
3.47316	-0.0380455	-2.4014	-0.052957	1.54466	-0.937635	-0.910774	-0.0243653	-0.092864	0.313011	0	0	0	0	0	0	0	0	0	0	0	0	0	0	0	0
-3.57617	-1.56203	-0.803496	0.575569	0.294199	-0.858882	0.307954	0.0139696	0.100552	-0.559832	0	0	0	0	0	0	0	0	0	0	0	0	0	0	0	0
-3.72311	-1.47947	-0.984584	0.635635	0.117939	-0.907701	0.368935	0.0289341	0.0964885	-0.540995	0	0	0	0	0	0	0	0	0	0	0	0	0	0	0	0
-3.09605	-1.43298	-1.5356	0.309053	0.560266	-1.42218	0.0653289	0.170203	-0.140939	-0.547402	0	0	0	0	0	0	0	0	0	0	0	0	0	0	0	0
5.74347	-0.151717	-2.70145	-0.0288342	1.07887	0.207197	-0.159001	-0.00392005	-0.0159742	0.162883	0	0	0	0	0	0	0	0	0	0	0	0	0	0	0	0
6.41514	-0.0985081	-0.730921	-0.302432	-0.594261	0.1028	-0.014863	-0.23536	0.334165	-0.215002	0	0	0	0	0	0	0	0	0	0	0	0	0	0	0	0
-2.64551	-1.03213	-0.285346	0.488614	0.863179	-0.802596	0.143484	-0.00273253	0.0738021	-0.417188	0	0	0	0	0	0	0	0	0	0	0	0	0	0	0	0
0.440741	-0.40048	1.62497	0.678335	0.427295	-0.0206686	0.178191	-0.0857864	0.0600783	0.361184	0	0	0	0	0	0	0	0	0	0	0	0	0	0	0	0
0.577411	-0.457863	1.27195	0.878572	0.381015	0.102763	0.294019	-0.0183311	-0.0194996	0.322578	0	0	0	0	0	0	0	0	0	0	0	0	0	0	0	0
