Timepoint,1,2,3,4,5,6,7,13,16,17,18,19,20,21,22,23,48,49,121,142,152,153,154,156,157,158,159,160,163,181,182,183,184,185,186,187,193,196,198,199,201,202,203,229,301,322,332,333,334,336,337,338,339,340,343
0,3.5854588,-5.3861547,2.2157948,1.9248164,2.4343696,3.33213,-0.2772809,1.9806002,-0.9716342,3.0545764,3.234196,-2.5874941,0.23233066,10.190116,3.909006,1.0541855,3.5025,6.0527234,0.3457673,5.5905194,5.262693,-2.6438751,-0.27508685,7.609693,2.1603868,4.7620535,0.6578256,8.034036,-3.5005157,0.7204795,3.2400875,-0.9878901,3.083693,-1.6841238,2.2930982,-15.550296,1.1233776,5.3987823,-2.8869886,-0.39651662,4.8718886,13.053318,0.9276344,4.1276994,-2.777662,-0.30469745,4.1817784,-13.897882,1.9906011,0.5417442,1.5906018,1.4887874,1.6946592,-22.300789,-4.397042
1,-2.5788164,-8.48008,2.6786206,-5.93469,-3.1491203,-4.114541,-15.0737915,-1.2079338,1.3303556,-5.5689125,0.35074273,0.83602244,-2.940577,-6.705437,-6.6256595,-4.019518,-1.0591255,-2.3338711,-2.341036,7.0081606,6.523648,-7.8481708,2.1611772,-5.6088724,3.0635798,-2.5563154,-2.52993,0.93738854,-9.504672,-2.7146397,-1.3678571,0.20002992,-4.997545,-7.314814,-5.15192,-12.056812,-2.3568668,0.7300443,0.44713733,-1.6448494,-6.0370755,1.135107,-3.0383499,0.93139094,18.04338,4.410807,0.78059983,-7.3252482,6.9055753,2.566551,-3.0637455,-0.059022374,1.0755337,5.239179,-2.6933894
2,-2.9757612,11.47908,3.7205434,2.9104142,-3.7251241,-0.6209432,-1.8212961,-4.9183235,-2.268181,1.7255948,-0.5595948,-1.3361927,0.06112667,-0.031096376,1.3274174,-0.36344817,4.943166,1.8745296,5.1981864,8.491662,8.440426,-4.6359096,6.9684916,-3.2600818,-0.83243406,7.029596,-4.4371443,-0.16623348,1.5885298,1.8741533,-5.0606365,-1.1160679,-1.9704047,-1.5168779,-0.4628774,12.19702,2.7298346,-1.5125469,4.079,-11.154695,2.8267767,0.66430587,1.0245714,0.8000832,13.971491,9.644968,3.8013268,5.5047407,6.2241135,-3.771269,0.75712425,-2.8295486,-9.035015,7.8731565,2.4744544
3,4.177929,-1.6921914,0.45299134,3.17042,-0.7856991,-3.381105,3.8428166,-0.37265956,3.9664974,2.3471992,-2.1338568,-2.8282356,-0.11634128,-2.0804534,-2.5660582,1.4890766,-1.462355,0.2794854,-3.5003333,2.2275536,-2.502701,-11.292535,9.917783,-4.142599,-2.1024334,-0.9216811,1.4780061,7.73143,-0.7325311,0.8410269,3.741228,5.618852,-1.5376916,-0.5177057,1.492775,2.1923196,2.8221433,4.4455256,3.0403821,-0.40941212,-1.209835,-8.34515,5.1593437,-0.35986856,10.469239,3.185155,-2.322649,0.72403467,15.727284,1.0607651,3.2693334,4.0473537,-1.1692725,15.744561,5.113244
4,-16.146887,-12.164189,-9.934962,-10.026213,-9.256674,-10.6165905,-9.724179,-5.8463826,3.0270638,-1.0130615,-12.300478,-21.35855,-8.779051,-1.7493675,-5.054473,-6.405643,-12.965755,-4.011048,-17.602358,-8.80186,-6.918626,-33.096287,-5.3702984,-2.2465208,2.2423983,-6.683172,-7.838079,-17.194775,-15.742963,-8.25685,-10.078111,-6.251527,-9.854781,-15.7392,-15.462125,-12.629924,-3.953862,-0.3627041,-3.5701733,-6.8164525,-12.086964,-6.7790294,-9.175582,-3.7789335,-4.497747,-7.001841,-4.6152687,-12.750484,-25.724104,-14.007678,-9.724628,-7.5061507,-8.918609,-3.4659567,-8.535662
5,2.2604976,23.114923,-0.35341087,0.22532831,-5.6761837,-3.7261152,0.25917435,-9.450029,-2.1628344,-0.33267844,-1.2388364,-9.05149,-6.4616957,-0.6375599,3.7914271,-1.5762175,0.5633873,0.9265906,-1.1757786,-4.209907,0.4652953,7.63837,10.582631,-0.4696252,0.42653662,2.483995,-7.6447687,-3.1990027,3.6222067,0.31633782,-0.93395007,-2.620597,-5.4067016,-1.6851974,-4.139738,0.28606474,-5.012325,-0.033538356,-0.75307226,-2.3216014,-5.607645,-6.8134246,0.07881938,-2.805471,-4.4843926,-9.687411,0.008663505,18.7078,-11.827195,-8.935496,0.42011017,0.36208817,-1.4212296,10.428479,4.4358788
6,6.728293,10.220604,4.630913,3.361082,0.5758935,-2.2207668,12.078117,1.9861797,2.6395228,2.4016483,5.7904663,-7.136409,-1.2304358,2.6111755,-0.006879317,5.0763516,6.64497,2.6781862,1.8039588,0.50236166,5.6887946,5.761429,7.2758923,-0.36820596,0.6784099,6.2684293,-0.73758197,1.6773323,10.578689,1.6442155,5.711331,4.3118134,1.0861405,8.55888,-0.13794462,4.5258145,-0.25551566,0.83299655,7.0009136,-8.672803,-1.888798,3.886537,3.341431,1.8362888,11.054863,-6.7970595,1.1698135,6.46628,-10.968492,4.923275,6.2018843,3.252935,-0.1839648,2.8235757,8.738389
7,7.9303317,1.507396,6.8075314,4.8852835,3.9751797,-0.19328687,6.7408667,7.44591,12.57797,1.0989982,5.036799,7.8266454,2.6081932,6.1141267,-0.93573886,6.61454,7.633968,3.9579325,2.620299,5.9446635,4.8801107,1.4109399,2.2957954,-1.1319515,-3.6183474,-1.4794115,3.1338058,3.277022,6.798071,2.4095004,-2.785935,2.6364422,4.9436274,7.758841,2.849452,3.46915,3.0232563,0.27706757,8.405134,-6.3048077,7.9651194,4.735404,4.0259013,1.7007339,3.8347886,-5.5228596,3.5662837,10.618386,-9.777476,3.2766106,4.814873,3.0876753,2.830465,-4.9383054,0.18769914
8,2.217578,-14.798492,0.84565455,-3.3742914,-1.3004525,1.1570566,-0.68079805,6.88273,16.076004,1.4713874,1.2521869,6.9605556,-2.9230483,-0.2215927,-5.1742435,1.2511106,5.8278556,-0.3939339,-5.7857995,1.0718087,-0.2765617,-17.2182,-8.749452,-8.6501045,-4.775636,-17.051323,1.7132152,-6.025953,-1.4627151,-2.586902,-3.0802603,6.296411,-0.17888963,-3.799195,-0.31801072,-11.611992,2.2333398,-0.4366303,3.227158,0.021466585,1.0419965,0.6083734,1.1101611,3.6605203,0.98445857,-0.27700529,2.0678258,-10.538177,-0.10809076,6.224022,1.5818689,2.1223938,2.1172152,-18.251265,-0.58313274
9,-3.4020426,-4.9861956,-2.6313615,-7.225921,-4.7950883,-4.2988415,-1.8944808,-1.2140042,3.7494125,-5.330696,-4.590212,0.8399019,-5.7452536,-5.2365174,-9.362536,-3.2937515,-2.0033028,-2.81147,-14.148029,-3.69953,4.1737566,-4.939058,-11.648402,-3.8689232,-5.227706,-7.019024,-2.4642205,-6.7379766,0.09761626,-1.3962609,-1.595075,-3.604089,-6.6967444,-6.1812334,-3.6908877,-10.8470335,0.8586487,-0.6015144,1.9835048,-11.918546,1.0200965,3.4349666,-6.966911,-0.45706156,-4.433024,-10.049282,0.3332742,-1.906703,3.9839997,-3.435279,-2.186816,-4.6801405,-3.2838492,0.11075338,1.160136
10,-4.013138,8.4690695,-2.9118106,-3.3031464,-3.7915237,-2.5228343,-8.165115,-3.9571564,-5.288271,0.134361,-4.755782,-6.0150156,-0.64040023,-5.157878,-1.3861446,-8.89736,2.6857455,-3.0415502,0.16891946,-2.5272446,-0.75825876,2.3872604,-12.140448,1.911409,-1.7877903,9.103224,0.80314493,-10.86252,-1.7658185,-3.043114,2.8382118,0.87979,-3.642196,-2.925666,-4.9378247,-4.511803,-1.1178219,-3.4411986,-3.9445376,1.2850556,-4.0850186,-10.095122,-3.659185,-3.0303936,-11.464802,-2.8602133,-2.7314472,1.3163054,-2.996736,-6.8571963,-3.027206,-5.592437,-3.0484736,-2.1768832,1.2609626
11,-1.8226146,4.098419,-2.1880395,-1.6800835,-0.97380966,-3.2884812,-4.0482697,-2.6845214,-1.9210712,-1.8812227,0.36543992,-2.866149,1.5022689,-4.9662395,0.13090566,1.9340854,0.7516523,-4.090712,6.6411314,-1.8683785,0.6798059,9.186781,0.15080684,3.5204017,-1.0958551,14.237789,-0.33074364,-6.1217675,-4.085647,-1.9079183,-2.0987551,2.2523994,-3.2500758,-0.44379488,-1.907813,5.404496,0.20824367,-1.9984767,-3.172856,0.8269413,-3.2809927,-11.099922,-2.4789069,-4.067347,-9.820574,0.18420738,-0.8261883,1.3200657,-2.8991792,-7.1043563,-1.4901357,-3.4103441,-3.1321228,0.066509776,-2.2233407
12,-0.64784795,-8.972389,0.6770165,1.130601,3.9047356,-0.48186457,1.5651182,-1.4061707,-3.152788,0.76782244,-0.8062098,5.4024277,-1.4773028,3.8408852,2.1430447,-2.6655133,1.2809206,-1.3515902,-5.0237103,1.8463532,6.68732,14.370559,-1.2715514,2.4461813,-4.972456,3.4236763,-1.5595763,-9.336386,-4.0348577,-0.21976952,3.0488927,-2.779344,-1.679391,-0.47138882,-2.7942128,4.0183725,-2.2162898,-2.6129546,-2.0833547,1.1922755,0.16803776,-5.3407702,0.7718059,0.9655783,-5.170564,-2.1009686,1.5299217,-3.0559223,-4.7981443,-5.263595,-3.1429908,-0.8235773,-2.6315715,0.12389977,-5.1775737
13,-0.30397087,-2.3681097,9.263026,0.92250806,3.5938427,0.091584064,-0.64273214,-0.42912984,-0.95031565,2.5294998,-0.7594286,-0.61590624,4.257834,4.130667,2.5857856,-3.9565701,-5.9945946,1.9896646,10.417702,2.4802637,8.088513,8.079351,0.55679196,2.5112004,-4.18648,8.034715,2.686152,-3.1064925,-2.944628,1.1411326,8.824737,-8.863635,2.6467805,2.3375378,-2.1644995,11.540983,-0.06795434,1.948929,-1.2597145,0.9044203,5.1582074,-1.3026006,-0.9340233,-2.520889,1.7570513,-2.2348886,2.4364173,-8.66981,3.4683983,4.667964,-1.6380781,-0.8916013,1.6464331,-3.3459094,0.11336349
14,-0.4363728,-14.5976715,3.5006127,-0.40094143,3.676477,0.082477406,5.7876825,1.8185501,3.412117,10.100382,-1.5033318,0.2107691,1.3230528,8.53612,-1.4800467,-2.633222,4.6006927,2.9197268,-1.5115278,-3.1449537,6.343541,1.1978575,-2.3333368,-0.9968621,-0.001750907,0.14478795,-0.8796681,5.926832,-3.783116,-0.22563484,3.7192547,-2.0122485,5.8875265,-1.6327195,-0.49178436,1.3274782,-0.764227,1.5756845,-4.5891366,-3.3526595,1.1245629,0.76726276,2.388176,0.41002503,-13.454387,1.5448067,-3.7624881,-10.605539,3.11997,-0.7998266,0.015296493,0.8989734,1.1739011,-14.7865715,-4.8626966
15,-2.817028,-16.081467,-3.6138515,-3.423789,-0.48871914,-1.0780131,-6.9770184,-2.6659806,-3.5251937,-1.6567428,-0.64276993,-5.251753,-5.5862904,-3.037239,-6.975874,-5.983605,0.008387693,-1.6431569,-11.802294,-9.545635,-1.5729845,-4.172767,-8.58195,-5.6644106,-1.549843,-6.0364366,-3.772768,9.12805,-5.564419,-4.9139113,-3.6873653,-2.655487,-3.9036696,-10.825143,-5.1132455,-13.493839,-4.718198,-2.6914287,0.31883362,4.394509,-4.076556,-3.1852756,0.6409972,-0.85912323,-19.922647,-10.639544,-6.8960752,-9.723533,1.0962576,7.078014,-8.215318,1.6959054,5.1526995,-1.0751688,-3.4334311
16,-5.0304093,5.806878,-7.6538677,-4.9311914,-1.2666931,-2.1947248,-10.627765,-4.9818225,-3.8468542,-1.7536659,1.9223253,-5.1331863,2.4110177,-6.3401384,-3.7346418,-3.2313504,-1.810811,2.823771,0.245988,-3.7738318,-6.473618,-3.7734613,-4.123461,-2.1202645,3.2734876,9.408174,-6.180244,-2.8662174,0.19610354,-1.1006206,-3.6002772,-1.7668809,-4.041173,-5.9744306,-1.1324528,7.1143413,4.1949005,-0.42824987,-4.7847233,1.28992,-6.1806154,-0.7381447,7.1243744,3.622455,-12.180418,-2.787644,-2.487935,-8.286279,15.243111,9.084694,-2.4407597,0.5926131,1.40685,-2.0689926,-2.1687613
17,-2.484475,4.148678,-3.9322786,0.6997016,-1.1089207,0.9217031,3.7515433,-4.9701447,-3.630187,3.4928565,1.3372867,-3.4729242,2.8803327,-6.9367056,1.2901523,-0.07352982,5.814342,2.3199112,-4.4587193,-4.698601,-5.485423,-9.190097,2.7865198,-1.2683004,4.4932804,2.0731857,0.027323483,13.399682,-1.4131995,-1.4392661,-2.8945663,-2.735745,-3.6738415,-3.6247866,-1.6889151,10.677288,0.1388045,1.4992102,-2.892855,2.8480928,1.5333263,-5.2516823,1.3112576,0.5362019,-13.163383,-0.15519042,0.18608879,-9.209319,23.219387,2.7712872,1.8107197,2.725481,4.7400765,-3.791341,-1.6041023
18,0.2558296,-3.603196,1.305926,0.6759607,0.4540964,0.09838062,3.9157746,1.9055723,-7.1461616,1.0684468,-1.6844101,-6.0409923,0.861733,-0.83051044,5.88407,-13.184105,8.838074,-1.0642041,1.7955295,-0.19968367,-4.3297563,6.241215,8.347236,3.305901,5.177279,2.474358,0.34192312,11.954381,-3.516169,0.3695785,-0.84350127,-6.385111,4.3042064,4.9239683,0.89292115,9.528677,2.698465,1.5938389,-3.9903343,-5.375188,-0.0028688936,-2.88898,-5.335299,-1.1758744,-3.4268203,-5.714085,5.039615,6.9580655,17.747082,-2.6934881,-1.6373134,2.696289,1.4156706,4.5346723,0.08975558
19,1.0441265,-0.98884034,-2.7915986,1.2240714,3.1229708,5.7733307,4.370761,1.8180286,-10.197469,1.3306593,-2.3846524,-9.236896,2.160307,5.1453648,3.093869,1.4576266,2.9558105,1.6302849,3.6754446,-5.117298,-5.0603905,10.620122,-0.061861858,4.3437605,-1.1586521,7.10503,2.9047592,-6.000723,1.5900813,0.82735825,-7.514818,-0.2904017,3.7568777,4.5483804,1.9736693,8.4967985,-1.1649983,-2.8432693,-2.7800257,0.7892388,3.7062325,-1.0633337,-6.151991,3.830103,1.8377126,1.8860275,0.902209,1.708934,-13.360973,0.62256885,-0.46831375,-1.2898595,4.5476966,-9.57098,3.380148
20,1.5724454,2.1790047,-0.20124866,2.5749254,6.830563,3.468532,3.8278036,-5.312174,-11.442095,-0.017953798,4.6383467,3.488952,4.7769337,6.4819827,3.1512518,1.3549882,3.3489416,-0.99195474,3.11269,-5.540293,-1.4592506,6.125568,-3.994742,6.555784,4.3131824,2.2699988,-3.1863205,-0.34117222,0.5812364,1.6911315,0.35430905,-3.7161186,5.991599,0.42751247,2.5568721,7.179233,-0.5270575,-3.6166294,-2.5092247,4.473946,0.56971544,2.1167183,1.3356514,-0.44288278,4.438423,0.36101642,-1.1384879,-2.5600848,-14.095347,6.6950917,2.0353973,-6.1328735,-0.050011914,-10.073836,-3.7527797
21,1.7370058,-8.892966,1.7948178,1.4531007,4.553766,6.700799,-2.1060517,1.509387,-6.825913,-2.082404,4.005743,14.189858,3.0247338,5.4368877,2.3761973,3.2060435,3.288181,-2.317285,6.570027,3.610512,0.34327734,8.778478,1.8353375,4.004565,2.9296038,1.5042235,3.0101721,-2.6509013,0.12548248,0.8872194,0.98612386,-2.697353,3.3751066,2.0263155,6.895871,2.6068926,1.2878625,-0.7180151,1.4278121,7.1869774,8.997421,9.454598,1.2987503,0.6310829,-2.487667,-0.9341866,2.5326355,-10.70033,-0.10564422,6.683268,4.707283,0.91082406,2.4346485,-16.210436,0.61948097
22,-2.9104187,-6.5937243,-2.7887661,-2.7521887,1.078738,1.3624071,3.3616252,1.0991162,10.3295965,-4.1368823,4.0480494,17.506884,0.5497631,-4.053679,-1.6739252,3.4977136,-0.4898437,-3.649679,-3.661415,1.4456081,-7.489141,5.5311213,-5.9775667,-6.3263116,-2.5752058,-5.332712,-1.4684098,11.370283,2.0470264,-1.6773891,-2.1716921,-0.90572125,0.38647157,-1.1077896,2.8852973,-2.8195088,-3.0516057,-1.8734405,2.5825186,0.5527122,4.985459,5.859276,-4.142714,-0.08526766,-14.748178,5.814419,-0.44979954,-6.1504583,9.861402,-1.0002892,-3.3896506,1.8354242,3.7663946,-8.10757,0.8386301
23,-2.799115,2.4806242,-7.3095107,-3.7441206,-3.6706429,1.4721823,-4.6874433,-0.45492524,0.31555018,1.0559292,-0.67262584,4.5082297,-1.0720835,-1.1035225,-3.0919647,4.4718437,-2.5065684,-3.9313774,-15.429549,4.9768777,1.1156602,-8.8315115,-4.191816,-1.2620506,8.456081,-3.3861299,0.65787286,5.04422,4.3269763,-3.219793,-3.3287354,0.63516825,-2.100835,-2.9658604,2.7297735,-4.504603,-1.434934,-0.42316884,-0.13806118,-0.7087795,-0.10739533,4.9585567,-0.82344985,-0.45044243,3.8928287,9.80545,-2.049831,-2.769317,18.86521,-3.438696,3.008936,2.2601643,0.5097836,9.303632,1.7165686
24,-9.686354,-5.2352695,-5.3350635,-3.0956106,-8.125138,-1.1250558,-3.831427,-0.9986388,-4.986254,-1.0016001,1.8103011,-9.154403,0.33099765,-9.482296,-3.170157,-3.3508365,-0.6125628,0.5804776,-6.5598054,4.036851,-3.2172885,-11.721107,4.8291044,-4.5956836,-2.0498219,-0.4522817,0.33023632,-1.2457435,3.6347752,-4.1182466,-0.37505955,-0.6398054,-3.4600189,-5.258346,-0.26553604,2.0351923,0.6240838,-1.4672635,4.8553543,10.361602,-1.6947155,2.49411,-6.697524,-1.5804584,13.929044,1.9403081,-2.0182428,9.979114,-1.9778711,-1.2741206,-1.3316027,-2.350867,1.4989041,16.098558,-0.25851613
25,-6.0149007,0.3163443,-0.88157326,-2.2816505,-3.4209528,-1.648198,2.912767,-4.7202954,1.9527732,-1.4848926,-3.0876455,2.816577,-2.6144724,-2.7520669,4.6287007,-1.9661171,1.2510562,1.8079813,-3.3634067,3.6107824,-2.607669,-1.3662685,4.6059284,2.2743309,3.259662,-3.3123512,3.04164,-3.4269168,-0.30121878,-0.41357198,2.3785,-0.74312824,-0.0029117018,-1.5244114,0.7978733,3.5787132,0.5444468,0.8158279,-7.128502,-0.74021554,-1.3276879,1.7448674,0.29233155,-1.0572661,3.1162517,10.191025,-0.11216433,-1.0849696,-10.048593,-1.7006537,2.1745834,-1.9943475,-1.393456,0.5816986,1.5210468
26,-5.5819187,1.4796722,-2.1424363,-4.6430736,0.325691,1.636639,8.301226,-4.912898,-1.3501407,3.1470914,0.7249494,7.909016,2.756361,3.4229515,4.605011,-0.06513228,3.5916533,-1.0137913,2.0611658,3.488495,4.478976,-4.5547013,-6.8068414,3.4361598,8.71199,-12.078794,3.5620356,-1.8367587,5.766914,-2.3092284,-10.722455,-0.20171103,-2.3967085,0.93723965,2.607579,-4.6242557,-2.8307047,-1.8894482,0.17081858,-2.2459984,-0.4715737,-0.71292746,2.4028664,-1.1216483,-0.4239453,6.4297633,-0.06569667,5.8534207,9.4893675,-3.6805441,-2.3510394,-0.9904375,-1.2216625,11.992632,-2.300714
27,-1.0391146,-4.191061,1.4508233,-5.165625,0.32877883,1.2560203,9.160917,0.4839408,1.8740712,6.617344,7.485742,9.081292,0.48240748,3.5911007,1.9914721,2.387576,8.857649,-1.4148148,0.16961186,0.98534566,0.25582868,6.305911,-9.84746,-2.8114543,3.6726205,-10.13562,1.917426,-0.5382946,7.1511254,-1.1714343,-2.130991,-3.8936932,-0.3962532,4.2640514,-0.22585654,-3.2561264,-2.8317034,-1.2760487,1.1423672,-0.81611836,-2.3832104,-1.8993794,1.5096394,-0.17901638,-3.418036,2.7455714,0.38829392,-1.5225629,-0.4565369,3.0356448,-1.2384844,0.87022865,5.08147,-20.455587,-0.835069
28,-1.470522,-12.288958,-0.7637119,-2.0520418,3.1963933,-0.1606528,8.598244,3.1690323,-0.13526323,-0.41958332,1.2397299,2.3295195,-0.3036188,3.0269966,2.4770608,3.6856544,1.5373571,-1.8308603,-8.158125,-3.6081076,-1.38055,-0.8188474,-6.400298,-2.7511218,-2.0172427,-17.660364,5.1396027,-6.0810394,-2.4310741,-2.1840599,3.1782625,0.42263427,0.24119793,-0.27379495,-1.5523798,-9.982614,-2.405458,-1.1591587,-2.183943,0.65841085,-0.41085687,1.1501031,-1.327051,-3.7267315,-9.605335,-4.417584,-3.3649168,-9.544888,-4.0030704,1.9268116,-3.722892,-2.5639007,5.881386,-21.217863,-1.355753
29,3.0588453,-22.862268,-3.1084092,-1.4057559,1.1911955,5.741978,2.0024745,0.83359563,2.8458107,1.1291904,3.1613326,4.8929768,-4.577891,0.2127943,1.459256,-0.69675153,3.2827163,-4.515536,-5.369071,-3.3032298,1.4763795,-3.6649423,-4.726324,0.024408653,-2.4043276,-9.408294,6.006236,20.306223,4.2911477,0.07329686,0.71282053,2.1084933,2.5778751,2.2447505,2.2767177,-4.632919,-2.9377968,-3.8378239,3.4572942,3.6088133,4.1426315,5.4481425,0.041985802,-0.48834652,-18.856281,-3.6713738,-1.2866201,-13.098418,9.2433815,0.2776022,-4.640765,6.0518813,-0.4993326,-11.432253,-3.6285143
30,2.8563893,-14.01614,-6.888531,-0.61146975,-0.73487556,0.8945742,2.4377394,3.864324,1.7267212,-5.9279428,0.7301168,-1.0202913,-2.405487,2.4702532,-1.9195364,1.7260199,-3.340441,-2.3773162,-9.01745,-3.67222,-0.3169143,-13.651627,4.6412363,0.7340011,0.3315943,-5.7375245,3.1593378,-0.4883879,-3.430279,0.39452705,-0.3009697,-4.2592325,0.7195932,-2.5524638,-1.2234573,-15.609534,-2.2256622,-3.420918,3.8085601,4.519811,6.0044823,3.8955681,-1.7743317,2.2532773,4.3408284,-13.847891,-4.017375,-14.508671,-2.9596364,-2.4210138,-4.132541,-2.094515,-1.4920664,-10.114077,1.4750086
31,4.540924,-4.433088,-4.772533,0.17286359,0.12647651,-2.4398613,3.098963,-0.5988562,4.9402905,-3.2715006,3.4787471,7.048066,-5.3900404,-2.9829047,-7.507738,4.374186,2.1813562,-1.3353786,4.67297,-2.2174413,-2.0934114,4.5619283,-1.5575831,-3.4180958,-1.9981153,-14.602833,-1.4436599,4.49582,2.5471427,-0.33231372,-1.7961602,3.3480754,-2.8560019,1.8705691,-1.553366,-3.5346901,-4.197195,-0.3206698,1.1002729,-4.0780606,-4.506265,4.658076,-1.4903356,1.8316518,-3.7422507,0.19728826,-1.8591352,0.42527345,-15.963345,0.99966747,-1.7642888,-1.70226,-4.7023168,-1.0422051,1.7339468
32,0.09109415,-14.09882,-5.3209033,-4.5844955,-0.6308813,-4.3589053,-3.5013564,0.8532998,4.3948812,-1.8041514,0.3060753,6.123431,-9.850913,-5.5976562,-7.831941,0.085150525,-10.990548,-0.9520244,3.808193,-0.6716659,1.0918155,3.0360181,-9.676256,-6.672501,-1.1760391,-20.917164,-3.3610492,-3.0606456,10.480277,-3.986044,5.369445,3.4707913,-5.05523,-0.12243332,-0.8033353,-10.744854,1.0676671,-0.9414889,2.671745,-5.604458,-0.66409725,3.173335,0.054606885,-1.1366571,-4.7626734,-5.72571,-1.5486379,13.629789,1.6677234,2.646982,-5.1229362,-1.0461395,-0.48251826,13.19684,3.943716
33,3.105391,-4.777442,-5.5747905,-4.8267927,-1.638725,-4.1768365,-0.42610252,-0.6969752,0.49542317,1.7369405,-3.3063111,8.535365,-6.9876127,-2.5310154,-5.3557186,-7.7060995,0.930202,0.90726864,15.635526,-1.4906675,2.3179204,12.033354,-7.9573164,-8.615181,-3.541056,-20.066105,0.3037482,4.230697,-1.1293635,-1.8070034,-0.15539503,-2.0945842,-0.57523,-0.5921977,-5.8707113,-10.48616,1.5477417,-3.4184167,5.1404657,-2.0854316,-3.5859954,-4.417594,-2.4847214,-2.3837833,6.151343,-4.689098,-0.7883878,4.823681,6.0472164,-0.36040533,-7.496732,-0.10085511,-1.626557,-0.17721112,2.1573994
34,3.70525,1.7589425,-0.31550208,-2.5760343,1.0644405,-2.1879098,2.676878,-2.0181322,3.4363637,-4.299228,-2.1637363,11.260634,-8.603699,-0.85473734,2.9077551,-3.3394625,-6.6330314,0.319993,4.7281375,0.72561944,-4.7412,13.412926,-0.6693599,-1.0339601,-2.2835379,-16.420656,1.5183191,7.535183,-0.26382333,-3.1896372,-3.877354,-3.5773954,0.9625853,-0.29262123,-8.524456,-14.01103,0.40787584,-0.70076466,-6.6366553,-5.4091067,-9.29606,-1.1846879,-4.9550886,-2.243513,5.2139363,0.6731763,-0.60496134,-2.0583947,2.4686222,-6.6419272,-10.258641,-2.1685538,-4.475473,-0.1026834,-0.5569578
35,7.4099684,-7.138319,-3.7494304,1.935351,1.7686212,-1.1575887,10.869572,5.482228,5.047612,-4.2757564,0.98232454,5.8385706,-3.2999558,3.2617865,-0.17544088,-1.1143739,-4.123374,-1.34118,3.4429758,-0.008853152,3.879956,7.579135,9.762597,-1.0694348,3.271032,-5.667157,8.619667,11.099715,1.6999639,-0.79566145,-1.8072013,4.204509,5.3366904,3.8078973,2.4139361,-9.263993,2.1994925,-1.3691307,-3.2870312,6.0517244,-1.9577485,-0.091042496,0.57178175,-1.4230129,7.433342,-0.737118,0.62215656,-8.13631,11.013383,0.130792,1.3262061,-0.124587305,-2.3086572,5.0272703,1.3201301
36,10.0258255,-7.5947804,1.6519096,7.6560497,1.8444792,2.1678185,8.616744,7.918798,0.6283384,-2.2474058,0.95517135,8.777141,-0.7084131,-0.19231685,0.8519103,4.6259637,3.91253,-0.54479265,-3.063744,3.3510811,-10.451403,-7.941292,6.67598,0.04689812,2.4064298,-9.896977,6.9479375,3.9581409,2.7291653,3.8496573,0.1724774,4.902983,5.926058,5.012437,0.078414984,-4.3823814,2.258922,5.090196,3.9167285,11.791601,2.233689,2.1340477,-5.8609586,0.976823,2.564471,0.31400627,-0.3453045,4.0162015,10.71544,1.044631,2.7690878,3.0405905,0.34153855,8.717551,-2.2529354
37,6.7011237,-16.474043,-4.0936866,2.7237263,1.2593397,3.4692054,-1.3522425,7.925898,3.5601115,-3.4403646,2.0240386,8.197613,-0.6262523,2.4454284,-6.522642,8.058343,-2.6901975,3.266252,-10.40565,-2.1648676,-0.079156674,0.636123,5.176768,-3.008613,-3.978435,-16.2859,2.7087948,-3.166967,-1.3895216,1.9980952,5.0163465,0.93752867,3.8256524,4.106699,2.2322176,-8.235412,4.528154,-1.4143336,5.256839,17.650906,6.0336776,3.3659222,-3.873356,0.060258593,-7.3338227,0.26739067,-1.1299452,1.7976604,-3.7435393,1.0677431,1.4669545,0.84601325,-0.55571485,-9.77838,1.9162388
38,-1.5470282,-9.793332,-3.9681003,-3.6254385,0.89248693,-1.5827049,2.5209908,3.4350562,1.4777052,1.5576291,2.9174652,8.093124,-6.4949455,-4.8632355,-6.353086,-3.6372879,-6.3235025,-0.9385776,-8.008207,-3.6112027,7.1080565,-2.5829895,-6.365422,-6.460484,-1.2278537,-18.210611,0.79438406,5.626419,1.3280392,-3.4792097,-2.4830694,1.080959,-1.3143756,0.54471403,-1.4294901,-7.2709026,2.7295203,-2.104331,2.4600933,4.05093,-1.4451367,8.503134,-6.30697,-2.9246516,-12.925885,-0.7318748,-1.0702245,5.2213316,2.8805828,-1.0574459,-2.8645358,-2.1233385,-0.97808045,-3.6734824,-0.052277632
39,-3.9574788,-10.508778,-1.8645747,-7.2865357,-3.6779711,-5.0109286,-5.484313,-0.220384,-1.1606332,3.0866606,2.248829,7.842274,-6.4998717,-10.5953665,-10.453613,-4.6482353,-0.18873805,-2.8991385,-0.6857875,3.2564356,-0.78817356,3.9837072,-15.368576,-11.341924,-9.631684,-19.112251,-0.079282254,-3.7793288,3.8740146,-3.1097498,9.081504,-3.3704185,-6.4931774,-4.311076,-3.9527054,-22.533783,-0.94387853,-4.00418,5.078586,6.448524,-8.4907675,-0.56699604,1.6419426,-1.4073496,-4.904827,-6.595911,-3.1588502,5.4495215,-0.21883619,-4.681845,-5.1661983,-4.0397735,-3.451362,-2.9640703,-3.1662683
40,-3.6445045,-18.170053,-6.2084045,-5.5870547,1.0432427,-2.2577245,-0.19671233,-1.9674077,-1.3802592,-1.9396533,0.08796413,9.0600195,-6.539956,-7.2554526,-7.1965036,-7.8533273,8.733586,-1.9140977,0.40819725,0.05683843,-2.9061937,8.425025,-2.4892042,-5.3991857,-1.3371241,-19.930387,-0.94251424,0.6451228,-3.3278859,-4.9670405,3.9919038,0.29791656,-4.237371,-2.0020177,-8.17806,-10.419143,-0.146834,0.6704395,-1.5024495,-2.7007575,-6.0616803,-5.0015774,-0.8132194,-4.0495057,-5.373142,-0.53806645,-4.8101935,4.2415524,-6.987199,-3.5809588,-2.1112585,-2.717688,3.7503855,-5.6841455,4.9062123
41,-0.3261329,-13.321005,-5.6130004,-1.3004273,-0.87995356,3.3179781,4.92674,-0.85614574,3.1016836,-0.0849147,-5.089728,9.619291,-3.0656831,4.0454903,2.6752892,-1.898128,4.1485777,-1.1755527,-3.816366,-3.0035088,-6.5925817,4.129739,10.11248,-0.3778696,-3.648581,-17.166103,-0.408873,8.929857,-1.8460646,-2.2883584,-4.246221,-5.2331915,-2.6168933,-1.2553606,-2.8659787,-6.2793093,-0.10522238,-3.2149868,-3.2692325,4.5924087,-2.1075017,1.0003496,-2.188562,-1.2263093,-16.946665,-7.9740705,-2.561987,5.4598804,9.876498,-2.7393262,-5.9834576,1.8522325,9.100072,-8.443596,-5.986958
42,-1.235758,-15.839397,1.7929769,-5.222387,-2.6503856,-5.3785415,2.3910153,-2.38464,-4.986784,7.1988883,-1.2045002,9.145652,-3.5519223,0.18872653,-1.6872948,-9.167826,1.8903668,-2.0572286,-8.705783,-1.5762252,5.4743147,-7.5338216,1.7251564,-3.6164632,-2.126083,-13.658837,1.0657685,-0.18650612,-3.992218,-3.0004363,-5.248542,-2.5265753,-4.5660305,-6.10039,-5.151566,-6.990786,-4.990172,-1.3553116,0.23677461,-3.106382,-4.605901,-1.8748825,3.225782,3.9250593,-4.8958244,-9.6642065,-2.1253872,-0.77584374,-2.1316292,-0.58684057,-7.192866,2.9307685,4.807799,-3.5279064,-10.778401
43,3.7652915,-5.8280106,6.622295,2.5814974,-3.2768397,1.252008,4.2117653,5.7687225,11.791115,3.227191,-2.4962964,14.834096,1.4770133,1.2281318,2.1759634,-4.322688,1.036088,1.9063101,-3.3298585,4.8805146,1.3376422,-11.894355,3.353248,-3.5682151,1.0810561,-11.198146,1.6597703,0.67175883,-0.8664467,2.2217824,3.8760328,1.3153611,1.4314306,1.048249,-4.702651,-8.953939,5.759625,4.70724,5.0854816,-2.9099674,0.76757646,-2.713951,3.349389,2.0567508,8.543819,-6.0757985,-0.5855349,-0.3771714,5.0573516,0.9747475,2.221488,-0.9378805,2.968141,-9.291118,-3.1357765
44,-2.6459227,-4.0041127,2.8800004,0.7466312,-0.32570148,-0.7810135,8.741605,0.6666948,8.124591,-1.9826657,-4.02301,-1.8152701,-2.5356987,-3.5503807,-4.519039,6.817556,-6.9532313,-0.1748786,-9.589707,0.40378284,-1.6161578,0.96699715,-4.0105624,-5.17707,-2.7033806,0.2486878,2.6089478,1.3037494,-1.692495,-2.1163454,2.308528,3.0570724,-0.30323324,-1.9236969,-4.016496,-17.39922,-1.8344716,-0.015559414,-0.31147054,-2.3035073,-3.0291648,2.4893467,-0.9084597,3.003098,0.34050155,0.73749775,-6.146371,2.4624636,-9.830847,-1.9892352,-3.8249516,3.0888405,0.82993525,-14.730706,1.0452224
45,0.6108444,-0.89889824,-5.811459,-1.8823239,-1.641322,-0.37065363,0.78098106,2.0964992,1.3361621,-2.6689837,-0.98946905,-5.452116,-1.5553315,-1.6903576,-2.2924469,0.58896554,0.3067599,-1.6075146,-5.3150125,0.8375538,-6.4617662,0.5800038,-4.413317,-5.5354795,-5.1179824,-19.621218,3.2356224,-6.0351663,0.35265285,-3.0192275,-6.1283445,4.84783,0.62409115,1.3848861,2.4867077,-11.465721,-1.8092128,-2.6875215,3.4054549,6.9454503,5.530634,13.403526,7.348395,-1.9330546,-4.162296,4.924148,-2.7510593,10.258348,-12.104074,-3.856635,-0.5892182,0.6111982,-3.0380373,-13.827641,-0.6856981
46,-0.61865044,-19.640572,3.121323,-2.0901034,1.5015477,3.303372,2.4175866,-1.5522118,5.6140637,-2.6027913,6.203709,11.25804,-1.9195367,-1.239004,-4.1161137,4.044951,-1.2635738,-4.991716,-0.56475693,3.8035219,6.7510285,-9.397169,3.8699327,-4.4737015,0.40481097,-12.494153,3.474616,-5.8104897,-2.098632,-0.2620734,-2.3957996,-1.6974143,1.0487988,5.300711,3.486453,-4.906692,-5.942847,-5.4911547,6.969405,1.1668268,0.9007832,2.5988219,2.4565458,1.6839184,6.7842054,9.5922785,0.79629296,-1.1067911,-11.061838,2.859191,-2.331582,1.776182,-2.6460688,-6.124447,5.9034004
47,-2.3893762,-4.5175495,2.22245,-0.3489151,-0.96648544,1.3852011,-1.6521065,5.5728045,12.68316,-0.40209964,-2.6942542,-3.657393,0.23070341,1.5309541,-0.11955635,3.9329188,-6.4857054,0.3631865,-0.13227029,3.1812694,3.9666529,-6.0009155,0.5361477,-2.2081473,-4.304584,-2.101112,1.4109907,-8.4164915,-0.3380379,-1.644416,5.1278,-5.403674,1.9876021,1.9567711,-0.77059555,8.9728985,3.7808294,3.1616528,0.6162525,-0.48965415,2.1528502,4.8269567,2.0203652,-1.7530906,-2.0696666,13.102154,-1.4581498,1.7724425,-7.231731,2.183752,0.52440786,3.9881117,-0.7712026,-6.689882,-2.305833
48,-0.97125006,1.4472302,7.3664017,-0.23218164,-0.93401414,-2.5503695,-5.8827252,-0.25880072,5.2940736,-3.5771132,4.575464,-9.121897,-1.2846289,-4.397464,-4.1774015,-0.4176425,-3.773768,5.629243,-1.8302612,3.8467944,2.1778867,2.2108152,3.283069,-0.34803542,-2.0696986,-1.812595,-3.7101905,-9.63528,1.8896862,1.2363092,2.4923594,0.25525936,-3.2275038,1.1925095,0.8405253,-2.1842885,0.8553742,1.0838867,6.2591105,-6.898477,4.37229,6.4364924,1.0634439,-3.6170464,3.3024669,8.713669,-1.3419762,8.664909,-9.877865,2.7414248,4.9231215,-1.3634162,-0.73798776,4.4709935,5.9092774
49,-4.281899,2.282234,-4.522252,-3.4892125,-0.26603037,-2.9319444,5.824806,1.5214512,6.267222,3.2173727,0.5136726,-7.636937,-3.3940413,-1.9393598,1.2273289,-1.2390782,1.418323,2.975746,5.8926454,5.919356,4.9719353,-1.400484,-3.1053443,-1.2551082,-2.1542609,-2.2610977,2.8529725,2.95613,1.1390767,-3.6210341,-1.6613507,3.9420843,-1.4393739,2.217491,-2.0879653,-5.5489197,-2.4749763,1.2934524,3.0921245,-0.93408644,-1.5899079,-1.2985717,5.176365,2.1696353,-8.156742,10.886018,4.036748,12.0849085,-13.489876,-0.45377403,4.626916,1.0519934,4.653069,2.6170275,4.783191
50,2.532438,-1.0167991,0.3822074,-0.87382066,0.7867469,-2.122785,0.38273105,2.3987825,4.9142623,8.928111,6.636235,3.7623045,0.5297446,4.7938504,1.9194462,-4.040202,7.279279,-2.070908,5.1636314,3.174074,9.597074,8.108087,-3.3138437,1.4451684,2.9472275,-5.7052884,0.6087878,5.415664,6.6013017,1.134695,1.7745101,0.00940678,2.4738326,3.5717049,2.934381,-0.42173007,1.1207376,-3.743186,7.6403375,1.0769608,-1.4898524,-0.2164445,-0.8496893,1.6968058,0.0029719041,6.71503,0.54972285,-3.1492813,4.201524,-2.5553892,1.0739917,2.1280296,1.9512643,-5.918917,5.82574
51,7.0110416,-11.20819,5.6978364,-2.1446612,2.8736472,-2.6543634,6.098596,1.5383884,7.0861244,3.8799906,4.8251786,-2.5333579,-1.081769,-3.893705,-1.2783809,-3.7612698,4.1347814,6.47244,11.046294,5.666631,3.0180643,3.8178313,-10.086725,-5.7232575,-1.355832,-11.7653675,3.5345197,-7.874623,6.524224,1.9591037,0.9554306,-0.09956205,2.931221,0.7179827,-3.7918649,-9.919428,1.3753407,5.050607,5.679676,-0.6334034,-1.3611665,0.15237977,3.376643,2.1116724,9.134929,6.169425,1.1738626,-4.0151143,-3.2871826,2.510308,-0.6468527,2.1215403,0.88668853,-23.403877,5.1057982
52,6.680817,0.7002913,0.8516672,-0.5329019,0.74369264,-1.2643048,5.9936857,6.5456038,14.576627,1.6470284,0.342984,-4.910907,-1.7850285,5.822008,-0.43418482,-1.3562897,5.8534493,3.622022,5.0452447,5.9990144,0.07351756,0.6773232,5.36121,-1.2668637,-1.6564654,-5.203885,7.1058464,0.7607562,-0.7198741,0.8458942,0.3586352,-3.1585748,4.1726847,-0.34695312,-3.2332075,-9.050543,0.5695618,1.0119767,2.0741637,-1.0193406,-0.3646222,-1.4711856,-2.992088,-0.56374425,-6.038447,-4.9848323,1.5854323,-15.776715,8.102818,-5.8086247,-0.1491245,6.7646165,8.961932,-17.308632,1.7867802
53,3.420054,4.776684,7.4825854,2.6764235,1.7249135,4.77723,2.7961817,8.996537,9.597216,0.9789439,-2.1626074,3.4240088,4.8315415,8.3581295,-0.32080698,3.0250063,3.9617188,-2.1616046,-2.5386593,3.3634894,-1.9065449,-11.291669,6.1445556,-3.0789392,-5.618173,-2.6019852,2.1947582,-2.0399075,1.338397,1.8599257,-0.21639976,-0.59287035,4.7212768,-1.4167804,0.67492104,-2.9791322,1.9416137,3.309558,5.607181,6.0793734,6.7558365,0.44266978,-1.882467,-2.5840163,19.841236,-2.4207082,-2.849881,-6.049628,-9.842622,4.343441,-0.08620906,5.3138523,1.2630682,-7.849145,-1.5331984
54,1.6537884,-1.2528865,2.744079,-3.4427838,-0.37933138,-0.4873024,-7.8146906,0.8509088,2.7541099,-0.052313518,-0.51227033,1.3196354,-4.139469,-5.732101,-7.6761837,4.3818054,-4.423094,-2.041661,-2.1175952,0.8819153,4.154423,-4.13234,-8.661278,-10.439446,-1.8820429,-6.847851,-2.1367493,-0.3016418,1.3882968,-0.33642656,0.8089055,2.3017216,-0.39818442,-4.075594,0.117264464,-12.047644,0.1258508,-2.195952,-2.4152133,2.4967408,-3.481281,2.0906591,-2.452711,-1.696776,2.002362,-2.5235746,-1.4756074,3.3920572,1.2277251,-6.748239,-3.5678349,0.32728243,-2.3918338,-2.8755715,-2.05861
55,0.0933133,4.851853,2.4187179,-2.3498104,-0.8107105,-4.6671405,-4.4655485,4.5584283,2.3339412,-3.1863217,-3.001004,9.335547,-4.989648,-8.196272,-4.0278993,3.3779354,-0.04137342,-0.963483,3.6558423,4.508774,6.04474,8.078295,-11.965433,-3.321184,1.8932132,-11.380486,-3.649717,9.655917,-4.5844355,-0.3904781,-2.791362,2.0988638,-0.84879565,-3.8439484,-5.9927964,-13.062103,6.2022,0.26911363,-1.7252663,-0.1322377,-9.053362,-8.200786,-2.4380882,-4.8143945,-0.40527776,-4.154402,-0.59648496,0.31100783,7.2882175,-8.394656,-2.4376848,-1.8126814,-6.5618024,-8.476018,-0.88620746
56,1.9903045,7.8795276,9.852136,4.4892917,-2.0021229,-1.5431886,-6.504565,2.518356,12.533381,-6.2266903,-3.0218868,11.253691,0.108226635,-1.3423316,2.813569,2.0289025,0.019916834,1.3606381,5.1054196,2.6283398,0.8305916,-3.2181394,14.663206,-3.9368536,-5.966115,-3.4739149,-0.39690813,1.9276972,-3.5427818,3.2241323,0.10628069,-0.23563805,1.1928619,-2.6371489,-4.0451365,2.6740198,2.2261746,3.8672323,0.12025541,1.0848479,-2.054411,2.095429,-2.7330794,0.8962628,8.839084,-3.2202108,3.4822593,0.37097445,7.038794,-2.9629583,-4.6814823,5.626224,-2.0726795,-1.4694157,-3.3673966
57,2.7556467,12.183849,4.066784,2.3740518,0.46876433,-8.054975,-1.2127928,0.047915265,0.9100212,-5.488742,-3.174153,1.9042909,-1.0293466,-3.564415,-4.2710257,-11.869399,-8.619306,3.9065394,9.014753,3.3771212,-0.35025144,2.078448,1.3076196,-2.5698788,-3.6721442,1.1887125,2.199579,0.019699033,-1.7611696,2.0419805,0.57845306,7.237791,-1.4648533,1.7829407,0.031362142,-4.01015,3.285158,8.370336,5.346839,-0.7175359,-4.709961,-5.162912,0.60992867,-2.3701272,5.3559513,2.3852248,2.3290915,13.113689,-0.44025922,-1.7988051,-0.5235532,2.5507166,-2.838199,5.449232,6.85153
58,5.2035108,5.794356,3.2895584,0.45065418,1.4198425,-4.9993734,-1.1127318,4.991547,8.538379,-4.7749267,0.55780315,-5.506465,-1.3596888,1.9061029,-1.073348,0.44190988,-3.1067238,-3.011514,15.594339,4.724505,-3.2902446,12.01978,6.4693336,-2.8337688,3.91149,-8.15483,3.6433284,0.90689015,0.9968903,3.315335,4.8957505,6.040918,1.6719694,4.4548097,1.8893646,-10.101936,10.041445,3.876234,2.6095204,0.08952755,-0.6633184,-1.6803087,7.775332,4.4951954,5.3969865,-3.5855863,1.3103383,8.887865,-4.7442417,1.4068137,2.8133702,2.7209246,3.3649685,-3.3355992,3.4348943
59,4.308098,0.6192836,0.17266802,4.2782516,0.59951603,-0.8464862,5.915665,4.836297,10.025161,2.4408891,-1.2689749,-1.6486528,-1.0397751,4.866547,1.6320417,0.32328683,3.8106933,0.33399326,-2.0564115,0.18478979,3.7011466,-1.5305709,7.7892356,-3.2609236,2.6794825,0.44328862,8.987575,2.515649,-2.459836,3.3736708,6.147947,6.118826,6.3272314,4.0788665,-1.8430943,-7.3782334,7.2577043,7.41859,-0.8665539,6.002153,2.4920704,3.0060434,4.4174547,0.7431706,10.451601,-3.668069,2.6314504,-5.7248697,7.4112062,1.8059703,2.385154,4.6800323,4.22635,-8.08761,-3.6815736
60,2.3169844,12.486108,6.542152,1.1134328,-2.5501862,-0.55367744,6.9555798,6.948058,6.846194,3.7153304,-2.567835,15.305697,0.92925465,2.3719933,1.3942007,2.487904,-0.5850603,1.7472599,-8.5691185,-1.3933299,-0.32859865,-9.439976,-0.69341904,1.9886559,4.927026,-3.6450088,3.0658927,-3.6191554,-3.1168253,0.31241906,-1.9761542,11.336089,3.670718,-1.9177372,-1.180498,-4.997173,3.8187726,2.8375692,1.5186075,4.104936,4.3130617,4.6634817,6.5482054,1.2158588,-7.2656393,-2.984983,1.902757,-5.6684737,-19.487661,4.3941894,-0.35196298,4.4789333,1.7916905,-0.5394,-2.8141017
61,-3.5580962,3.517556,-0.84883493,-4.6254416,0.60564756,0.4291729,-5.777345,1.7991495,7.937098,-2.9369593,-1.9976865,-11.425251,4.2361245,4.5617123,-6.510739,-3.5064743,-4.610575,-3.255832,-7.886866,-5.732362,-0.7189101,3.353962,-14.394504,-0.19512632,2.91397,-2.990037,1.1710026,-4.150018,0.89479655,-1.0978639,-1.9944832,6.1603656,-0.018996147,-2.7966197,0.64039004,0.2797229,-1.8778161,-2.151462,1.2673973,1.5621753,4.9655833,3.1167488,-2.5070088,3.9459085,-7.5785594,-6.1716027,3.29275,2.6008723,-3.280585,0.01297653,0.1538721,2.1550167,-2.9575377,-10.269466,-1.5812246
62,-3.1421514,1.1314653,-2.2141118,-5.6969743,0.09467993,-2.943836,-6.069542,0.69460833,-0.42898494,-1.6597463,-0.94943297,-13.834689,-0.8632633,-1.6249262,-7.4945307,1.7538804,-3.3991203,-2.573652,-4.7526736,-7.316899,4.042864,3.3953161,-5.425385,-6.3560696,-2.5331366,3.398147,-4.6539025,6.698698,-4.5337496,-1.6403017,2.1916597,-4.74492,-7.1045737,-4.2008615,-3.4910483,-6.2451177,-1.6425695,1.208058,1.7724204,4.620596,-5.137955,-8.403646,-1.0689805,-0.94553137,-13.564543,-20.046782,-0.7356209,-0.5993305,9.28117,2.7980778,-2.5528905,-2.7993011,-4.5911627,-1.71441,-3.866751
63,0.8092924,-0.072542556,-2.088978,0.9590029,0.35621855,-0.6159384,-1.6553048,2.5133219,-1.8866348,4.5060463,3.2952476,8.318003,4.1394663,-0.40343025,2.1829855,0.18702887,0.57422906,2.9950433,-8.069533,-2.3813174,0.6542759,0.030929513,10.347307,4.022148,2.7741804,3.4747572,1.4652828,6.4240212,-0.807757,2.5140815,-3.2675517,0.0052586743,-1.6926824,1.5764891,3.2802718,9.0765295,0.9872579,4.25152,-0.46406087,-3.1096108,0.43224713,0.5615864,9.230837,3.6367645,11.030456,-9.599543,1.3370931,0.5743637,9.187826,2.8589277,5.358598,1.7172396,2.4163156,21.483683,-0.5997526
64,3.5521865,13.585333,3.049991,5.0533056,3.1076438,2.1896038,-1.2471317,1.898525,2.653671,1.1880965,1.7050188,12.909465,2.5768893,-3.4359493,-1.6134483,-2.231916,6.4579945,0.08063548,11.898591,2.587655,9.026944,-3.217649,10.79184,2.4449248,3.5454748,8.980911,-1.1884133,1.5155813,6.1037164,3.7721283,4.3967643,1.6287091,3.282838,7.3269897,4.0354686,14.773606,4.66181,7.8364325,3.4682994,1.1381412,1.7461277,-2.6238446,7.6334257,3.898063,9.938196,-0.2653842,1.3226987,1.4770938,-3.804604,6.66595,5.5092535,-0.1888293,3.658532,9.189859,6.716437
65,3.4465513,11.077761,5.3995566,0.6234052,3.2079654,-2.3346791,2.9662561,5.614102,8.303427,5.93817,3.2626467,5.8670716,1.7900755,-5.4098167,0.42533186,-3.1970983,-4.53697,2.7277644,7.209826,5.402228,5.3772426,1.190479,-6.0847955,0.72258914,8.252353,-2.6790793,2.515571,8.226696,5.8676243,2.1850817,0.40348968,6.479464,1.5349971,7.066329,3.3974605,4.4496436,5.111882,0.62185496,3.3037739,1.6080866,-0.39153513,-0.9670702,4.9647183,1.7208884,4.768459,-3.9191296,1.2315079,10.608454,5.673819,4.5943236,1.4300561,1.9010441,4.9179235,4.7055917,4.0163026
66,2.7014701,15.304561,4.0649147,0.94438756,4.217872,0.5222291,-1.4084594,4.712326,9.148332,4.321894,-2.3238652,11.3002825,-2.4130003,1.5613993,0.71373785,-0.65683097,1.4588004,0.8767159,3.9717076,0.8188111,8.847996,11.220261,3.3171086,0.17181532,1.7295607,-3.7499294,-1.0843842,0.69998944,-0.77233505,1.2966328,-3.0431955,-0.34582752,1.3113085,2.5628471,-0.70840514,3.4901814,3.2107635,6.3861613,4.4463787,-7.347296,0.84903824,3.9708397,2.5867755,-2.4847932,-6.7421,-1.8122702,3.188803,-2.1521738,-6.0090046,0.7464349,0.10359921,2.0849695,6.2717924,-19.062395,-0.67289346
67,0.41792133,-2.6783233,3.3328445,3.4182467,1.7247524,-1.64799,2.2455304,-6.705666,0.047917265,1.6349739,3.4272575,-2.6412458,2.669304,2.6783674,3.6283026,-0.3876614,3.0080125,2.8598852,2.680992,1.3583047,4.764068,-0.1465566,10.549544,5.3957896,-1.9009861,-4.0555644,0.6306225,9.146121,-3.0759807,-0.28304023,4.8376293,2.2036366,1.717499,0.9048995,0.9178055,4.2592673,1.0010059,-0.038585294,-1.4985052,-8.657708,2.741962,3.5465057,-0.016572345,1.5128465,1.3069174,2.05076,3.1897902,2.9311638,18.703167,-0.5502262,1.5398471,-2.1653783,2.3212595,1.2367187,-0.7422375
68,2.5527434,-2.2616572,6.575905,5.4949512,1.4006327,4.4119916,0.17384666,3.9011164,5.2047725,6.412119,3.1063309,-10.896467,4.492805,8.17239,5.1252193,1.768546,3.2257588,-1.594282,-2.0510406,2.2888942,-3.3944502,-13.378257,7.3315945,4.9700837,-3.9267385,4.836314,5.179085,0.9311774,0.43610904,3.754733,3.9068246,2.3725243,3.975518,2.037296,-0.3719977,12.933954,2.9651272,3.2421741,1.4191209,-12.307457,2.9977803,2.8961911,4.5952253,2.0419636,9.919955,6.463057,-1.4306973,-3.170358,0.75898546,7.186695,2.058174,3.5197315,4.020856,9.395251,0.81444615
69,-1.9111214,3.278721,1.8167213,2.8653376,0.39146012,2.996744,-0.6187131,0.9308763,-0.21226105,11.454564,0.22393543,-0.82350034,-0.23606808,7.704956,1.2016009,-1.0911969,-1.8852923,0.8204656,-7.5285993,4.792952,4.1018734,-4.877655,-4.5463324,5.544205,-0.85383475,9.254239,-1.2169611,-11.62655,-5.3987236,1.5726037,-3.8716154,4.1209373,4.0129366,1.5855814,2.1707633,-0.47963044,-3.4319506,3.064492,4.4505897,0.6468343,4.950751,4.85023,6.286298,1.1619126,0.70761114,9.760479,-1.3501891,-5.36959,-12.099815,13.43255,1.5922211,0.5685273,1.8940581,9.184735,-1.5950778
70,-3.5329525,-2.2181413,1.5076289,-1.7541637,-1.9170296,1.5096148,-4.2549405,0.9399654,2.7289238,3.5025895,-0.6686122,-8.712482,5.65969,-3.42713,-0.92709386,5.038972,0.05381193,-1.4714757,2.1374493,-6.398147,0.7902592,-6.870232,-10.950917,-0.35291123,4.715769,5.5381775,-2.811905,-3.9808679,2.4501464,-1.9192548,-0.0943114,0.11100058,-2.615751,-1.350773,2.059604,-2.620093,-2.420299,-3.5799623,4.5042825,4.4301853,-0.64968747,0.44486776,1.2560875,1.8767238,-2.3301792,4.836172,0.09413335,-1.4229648,-13.885638,2.5624669,-1.3134428,-1.488471,5.1526284,2.3299034,-4.304367
71,2.3814833,14.460115,-3.0272815,1.8857379,3.2861073,1.5851413,1.0361836,-1.9523774,1.1992908,-3.3395207,5.419717,-1.1368421,3.100672,-1.7408427,-0.021722307,7.8665156,-2.325898,1.559043,1.246805,-4.271923,-10.785819,9.581486,-0.31491274,1.4059728,1.3254341,5.3313394,-2.6342607,-8.115623,-2.754918,0.34711802,5.9646354,2.838924,-2.429584,-0.28407264,-0.95913,-7.0839787,-0.10859018,-1.227015,-3.4731243,-3.0812554,-0.3136688,-2.6083913,0.6974208,0.45427907,-4.7795477,-0.80217326,-0.5454324,-1.9918783,-16.016882,2.3750918,-2.734787,-1.5704132,1.2125286,5.5727816,-3.4461462
72,2.5985467,12.983627,-4.923701,4.0694323,2.422,3.207505,-0.6710847,3.6832538,-0.34817892,-8.288057,-1.4834197,-0.5171752,5.786123,-0.39220273,2.3897417,6.2903724,-4.8527956,-1.9519902,8.631246,-1.5943466,-4.5820613,8.731102,10.877808,-0.4930632,2.4382534,10.7044935,-1.3987346,0.82900244,-1.2419114,3.527879,-2.9880862,-3.4425247,-1.5674118,0.013651217,6.038283,-0.59612346,0.5677323,-1.0118808,-2.4278898,6.751308,3.0393639,-1.9295483,-3.623531,0.2690177,6.1417003,-4.230215,1.9245621,2.2340016,8.040307,-3.1963952,5.0501018,3.6062725,-1.5311499,-0.2873394,-3.3520498
73,-0.9683243,7.329079,1.6186239,3.4705677,-1.631727,-0.14868884,-1.4042892,0.96991235,-3.364973,-6.876855,1.4502728,4.567613,0.66262025,-1.7137375,4.1360364,-3.7310069,1.7256256,-1.4583793,2.6837804,-1.0156662,-2.356385,-2.1229703,9.94826,4.1886916,3.964041,15.890915,-0.33170986,-0.1910218,3.647993,-0.3121739,-2.7164536,-0.72028476,-0.15048836,-1.582489,2.2899017,0.25969034,0.7238068,2.558235,-1.2664882,-5.2487726,2.350505,2.5695024,-1.019386,-1.8072202,3.6186583,1.2018034,-1.0041647,6.2451477,-9.4283,-4.480659,5.2142806,3.7771928,-5.0686517,12.832064,3.5757058
74,-3.276485,3.9302986,-2.8714352,1.169194,1.684228,1.33994,0.5088692,-6.298838,-6.4832225,-1.7179223,-0.3507031,-13.536484,-1.0362754,3.3644328,2.8787067,4.764928,-3.850647,-0.87578243,10.195085,2.4706233,-5.0561,2.315365,-6.4815097,6.969258,9.075083,11.157243,-1.7471324,-3.5239441,2.9548109,2.4577966,6.3712826,0.5564965,1.1449094,2.8466494,6.2982435,1.7606808,-2.378645,-2.3435824,2.261353,1.7024146,0.467371,-2.3640885,0.11195358,-3.1762679,9.614345,1.6130635,2.030133,2.3084445,3.1155658,2.147397,3.3017974,-0.08403366,-3.1455226,20.905174,-0.18685874
75,0.96762425,5.4361234,0.12801099,-0.41610196,1.2050748,0.65044856,-2.0487423,-4.1317363,-6.865162,-7.378909,4.184003,-20.194778,5.096779,2.2906036,6.016318,6.138889,0.6226462,2.8626082,13.154191,2.7671719,-2.735684,6.7909327,-10.07187,9.003117,13.487686,13.692648,-0.13596052,-5.0424676,4.3515015,3.828066,0.58605355,-1.4468796,-1.2230849,4.6903043,7.479436,9.333132,-1.0888805,-2.9432948,2.8915277,7.6133995,0.69558465,2.570618,-3.4368138,2.0159707,8.850937,1.1914885,0.29191783,2.2841172,-7.570009,-0.99004525,9.177931,4.7369313,-4.263456,-2.5928302,1.2860427
76,-2.3529298,7.572191,-2.230221,1.3276328,0.124613844,1.6429256,-2.7810469,1.2635195,1.5055948,3.1519206,0.033698387,-5.5825286,2.7379084,6.4146743,0.034819137,1.0169195,-3.983309,3.4366558,0.48756137,1.5101575,-5.605716,0.23705709,-0.41503772,5.4246383,3.7793112,11.809933,0.21167393,7.4275475,-2.6200888,0.38715664,-4.7998996,-4.9445033,-0.7950559,0.16434479,-1.464261,1.259634,-1.7927831,1.8633977,0.11715507,-7.5343714,4.2602663,-0.08742144,-7.1960793,1.6122249,-9.488596,1.8186569,-0.52385736,-9.459028,16.15766,-9.042772,7.0117908,2.0606604,-5.296087,-13.406766,-4.502736
77,-4.079546,-8.817747,0.20177528,-0.6758382,-1.5652909,2.0438519,-0.9905616,0.6042386,6.0483503,-0.65193236,-3.2768624,0.3370153,1.9578563,6.6505475,3.4084656,1.0611368,-0.7624218,0.49387935,-10.886267,-0.21336079,-1.5894235,-8.375467,3.2627106,-1.397132,-7.9368143,13.016122,-0.8858539,-11.154257,-3.9190753,-1.8634137,1.5466613,-1.459799,0.42246303,-5.008932,-1.8492457,-2.872944,-1.774285,0.7695012,-5.347309,-2.9070218,2.5309048,2.9095263,-1.6714299,-3.420522,3.1475751,-2.6355243,-3.1874866,-12.196553,10.2986,-11.936736,4.486925,2.1045766,-3.7780297,3.6550953,-12.172953
78,-4.8243337,-4.1546063,-1.7237878,2.4618614,-1.4610388,-0.55860424,-0.1517496,0.19831273,-0.37851313,1.4286597,-3.5934274,-6.255663,0.0036529072,5.318674,1.6892878,4.3040924,-7.09635,-1.4090675,-6.8869867,-8.102798,-8.096041,-15.490464,5.3545723,-0.25582418,-2.0610814,2.5534236,1.0963604,-2.029262,-3.8380787,0.43700448,1.3566326,3.9617,1.6158645,-2.3724964,4.3598924,6.3882165,1.6805183,1.4611872,2.9769251,-3.9692307,0.26264644,6.6783266,-0.3028815,1.3957572,2.548756,-6.6724434,0.40456265,-7.713336,3.219068,1.870339,0.33209157,-1.783501,-4.918156,7.20187,0.47159734
79,-4.753686,-12.61392,-2.7643018,-1.4788415,-2.4133737,-2.5457287,-3.4598937,-2.7256362,-5.1620584,-1.8113676,-0.40077987,-13.515362,-1.6619976,3.7088697,-1.1439265,10.438459,-6.2080317,1.9383185,2.3866901,-4.09986,-0.39906698,-4.517104,7.755225,2.3468854,4.1438894,19.061094,-6.3622494,-11.056599,0.12635095,-1.3541554,1.2118505,0.21950854,-2.785879,-0.26708224,1.7674953,0.7828294,-2.6634965,-1.868804,3.0502796,0.7895164,-3.073309,0.55700284,-5.5523157,-0.037855007,-2.8584864,-4.339182,-0.9582614,3.8257086,-12.091632,0.065851204,1.5644506,-3.414613,-8.497079,1.4274817,1.3167787
80,-1.3242472,11.818604,2.9150326,0.80092233,-5.7827163,-3.0296032,2.7683198,-5.2076564,-5.711364,6.3872533,-1.0684316,-7.471905,-0.62755185,-9.418329,0.41742602,-1.9055895,0.08307632,2.4908593,1.2808,1.2631519,5.3600936,2.6203074,-0.4960854,-2.6912203,0.6561831,16.999662,-6.2808,-1.5748774,2.073134,-0.23788014,1.751132,4.405878,-2.9006743,-0.8479226,0.24087098,12.580625,2.477247,0.59132576,1.2041308,-8.931801,-11.325066,-9.249543,4.407244,-2.2295537,-0.6769452,8.05867,-2.7340844,16.309122,-10.152988,9.438669,0.42761174,-5.8120313,-3.6272836,14.6942625,-0.24040483
81,2.956355,12.4948435,-1.1334506,5.496778,0.49743718,-2.9806457,9.586219,-1.071286,-8.4509535,3.2909834,2.3291566,-13.54088,0.37062693,-1.7772404,5.894158,-2.8242214,-3.10095,-0.98652595,3.564023,1.540047,3.3984215,0.6049099,12.851185,0.49358428,1.0483086,8.33013,-0.8858759,2.5557864,3.210281,2.8048363,4.606278,3.5825741,-1.6973493,1.4062259,4.9688053,11.212039,0.5756815,2.0947099,0.6076719,-5.0236206,-1.9952165,-2.0441775,8.010562,-0.61071557,4.0127254,8.170876,1.6719798,8.77358,4.3807583,1.729243,4.6771474,-0.13293684,-1.1806157,21.194168,9.679744
82,3.2002985,7.37831,4.4764233,0.9639232,-0.30102763,-4.027495,2.2323246,0.08511943,6.6964154,-1.6210418,-0.7294657,-4.279652,3.0914116,0.9960011,2.4353898,1.5169005,0.2550574,0.30551782,5.0509005,0.42004696,1.0049666,2.0784094,-1.0542562,-1.9879206,-9.43013,5.9100795,-3.2694063,5.252744,3.408195,3.2692082,-1.2876202,7.102293,-0.8025492,2.902865,1.914215,11.554188,2.6672115,-0.1155587,4.3051004,-6.688735,-4.0712094,0.7071776,1.8166233,-2.4086783,7.892624,6.950114,1.4802296,16.849554,-9.96199,-1.0479786,-0.30659738,0.384199,-0.87413734,16.022589,5.1308146
83,2.4416912,0.20846021,2.6907337,1.4774015,2.8892734,-3.625354,5.261443,0.24002251,-0.8761149,6.5788713,4.3467355,-15.561014,-1.5966406,1.0576403,-1.7916949,-0.46472383,0.9620244,2.2484725,15.186214,8.973106,9.857542,5.061652,1.5684994,3.745408,-5.7671404,1.1824368,-0.39370292,5.2334876,10.391273,0.27548996,-1.0472594,9.592699,-0.14565806,5.0820756,2.5503275,11.833562,3.319889,-0.72279924,5.106639,-6.1211686,0.26003116,-1.7584889,4.819637,0.4730934,10.513272,6.5762854,4.448599,22.106667,9.95816,-3.6906693,6.283286,-5.533497,-3.199327,19.176905,16.4329
84,14.474855,8.329469,8.026272,8.958957,8.556126,5.152184,11.013487,6.31796,2.6074138,6.958433,7.391832,-2.8212285,1.3077235,3.7297854,2.019073,9.607639,9.976451,4.517392,11.365051,14.365346,14.031384,2.5783088,-3.3581185,5.066844,1.0926086,-0.29039901,4.954262,3.8997083,12.192125,5.550979,2.9192522,10.912164,7.9378657,15.73064,12.844648,25.964119,9.440503,1.8450757,8.932312,-8.964838,7.974498,6.0441422,7.579496,3.0286694,14.702384,6.5075855,3.5219643,10.071768,-4.499207,9.387106,8.172144,5.006464,1.3210723,-4.438194,6.8572664
85,11.568427,5.7341948,4.478615,6.5019536,6.5256143,-0.19388722,4.017101,2.685209,0.4511921,3.7549853,-3.612188,7.4836593,0.7295483,1.5987241,1.3918047,4.320534,4.4836187,0.31442738,5.500867,1.9383441,1.7711937,13.257094,-5.624013,2.397069,0.4292081,3.0031419,6.461454,-12.337525,-2.357236,5.211072,-4.4198775,4.868107,4.7271404,6.012412,3.924272,6.8001833,5.489485,1.9620457,-1.3812295,-7.916147,4.5767493,-3.4080544,-8.637395,0.67245156,-4.503234,8.050728,3.3562343,-4.728954,-10.041994,-1.0585032,-5.0079923,4.9388866,-0.44670033,-3.9502704,6.152522
86,-2.7917995,-19.984829,6.1900315,-1.9796414,-1.5755292,-0.7477596,-7.3443327,-2.585365,-9.846323,4.190153,-3.9917996,-0.29771274,-1.0130304,6.7914667,1.2591377,-6.329355,-2.4577603,1.1949308,-5.389956,-1.0794828,2.2935,-1.5192721,-2.6489747,-3.2569509,-6.749162,-5.0641575,-2.4906392,8.700713,-5.274006,-0.19526735,-3.2631598,-3.032265,-3.0845141,-2.9336061,-6.8208885,-4.740164,1.2448592,-4.104306,-6.4367995,3.7449777,-5.2173457,0.343002,-2.017013,0.99925697,-9.116694,-4.2836347,0.007846212,-2.5696292,6.6959558,-2.876102,-8.552887,0.8862767,-3.9657037,-8.510964,-7.905432
87,-6.1911936,-0.3366964,1.2643816,-1.8230586,-8.227506,-1.5665015,-7.058945,-6.5044246,-11.834881,3.6264672,-6.76029,-12.645401,0.008166771,2.0653892,-5.101848,5.981987,0.055651978,0.42299914,-5.669907,-6.616373,-2.6439202,-13.992294,-1.5228363,-1.60213,-5.690189,4.2592483,-4.9989777,-9.336746,-9.1193,-0.47385556,-5.2706046,-10.60952,-5.895173,-10.319304,-6.611279,1.0384707,-5.7184925,-2.4635293,-5.465935,-0.27186105,-3.748126,-6.5282936,1.8747364,3.1325943,12.063633,-5.256096,-5.2546296,-4.631983,7.511027,-2.771495,-4.141642,-6.4122696,-3.2095215,3.5012753,-7.244568
88,-6.6980267,-2.9103804,-0.88825077,-3.0318348,-4.1837173,-3.0679646,-11.672631,-4.4985394,-10.93749,-7.5834045,-5.2820997,-3.085524,-0.7013896,-3.157807,-5.5498595,-3.7295904,1.7658875,-0.4181233,0.21914871,-7.960765,-0.415732,-6.195205,4.214794,5.6450586,-5.4965363,10.109922,-3.6365762,-0.45132408,-5.0709577,-2.876382,-2.4865363,-5.9039254,-3.054941,-5.372532,-4.7173624,-1.5658733,-7.977742,-2.2429745,-6.254187,-11.789343,-4.7728395,-8.779538,-0.46851322,-0.9238852,8.371304,2.140984,-5.302844,3.6976697,-10.747037,0.7199865,-3.7610016,-4.2363486,-2.6688683,8.3438835,-1.260268
89,-4.4960065,5.5930915,-3.2940528,-0.35185745,1.0256302,-1.3162594,-6.0081396,-4.660708,-9.243605,-3.4485686,2.357337,-2.9586918,0.4050397,-2.9725778,-1.1984471,2.1842098,0.9359809,-0.7900616,-0.17056528,-0.6827504,-2.7970703,0.5372875,-6.376842,0.58742625,-5.132796,4.2812066,-1.3225077,-6.2456365,1.3259493,-0.7695844,0.6688483,-4.2117543,-0.9541697,0.59551525,0.40438694,6.897548,0.12626858,1.1782228,-3.3944561,-11.20612,-3.665401,-7.953319,2.2708101,4.5367255,6.5683866,-3.7130327,0.98116994,9.813023,0.7024008,0.5389206,3.0386984,-3.7061114,-3.5270827,16.4016,4.396582
90,-2.547768,12.719977,-1.8207623,-0.6965692,-1.3578693,-1.0233955,-0.45043018,-2.7582345,-7.1870866,-0.05824866,-0.3637765,-13.116461,0.361061,-2.8363628,6.823907,-1.6431559,-2.1542006,2.001431,21.41761,-3.6207142,-0.16457507,7.339105,-13.722882,3.2333648,1.0077572,12.733514,2.8456378,-2.0887702,3.8588343,0.14382657,-10.402943,-9.9811125,-0.9254735,2.0854952,-4.1180453,10.667164,0.6699326,-0.131257,0.5170028,-9.821726,-3.9279103,-5.158391,-0.27821243,0.0067530577,6.791255,-3.707099,5.205092,1.4454008,-12.179394,-2.4131021,-2.039039,-1.0199505,-2.8010926,-5.8359947,1.4268211
91,-5.148619,14.857261,2.426559,2.7855556,-1.1159141,-2.37656,-5.6710615,-0.049919434,-7.581283,-3.678986,0.5069396,-17.842682,1.3210945,-1.0099347,1.0622709,-2.544324,-1.7822605,3.4462562,3.8870807,-3.9806635,-4.25004,10.510229,10.045697,2.7880688,-1.8570958,9.527079,-3.723581,-2.8653922,-0.9237089,-0.6241586,-0.896702,-4.883433,-1.006285,-2.8638544,0.10654713,7.37099,-2.5055795,0.39372656,-2.9659045,-3.53506,-2.8718355,0.33495933,5.431023,2.6562812,22.511871,-8.311223,6.9702673,8.495938,20.286592,0.6262392,2.5255444,3.4152272,-3.5886488,2.3570814,1.4554837
92,3.8785572,4.2460785,-2.2760513,6.831642,4.1343737,-1.5267489,6.9926357,1.926233,1.2155653,-2.243479,2.5628357,-8.633329,1.4118505,0.720347,0.5875627,-6.633626,2.0101192,-1.2063048,6.352592,3.682327,-1.6039578,5.9927053,1.6213589,6.601251,-1.7833713,4.4929123,2.665056,12.17595,1.1185188,-1.2514194,6.705162,3.5345786,4.4090376,0.94855297,7.21235,7.065058,1.5804052,1.9960898,-0.2962475,1.2807947,3.9541643,3.4844372,2.440854,-1.377747,14.151644,0.15910544,2.902014,-0.123792104,-6.9609675,-6.264322,6.8930736,1.655695,2.021024,15.66328,2.5696955
93,11.660312,17.762259,1.1147258,10.324822,4.0468583,-0.9594882,-3.6505845,4.972349,0.79330826,-1.4265265,1.7524735,13.416856,5.2901316,-1.0143754,3.901492,4.9372706,-8.582744,0.49571362,14.6276865,6.4620643,-2.930149,13.282128,18.11299,4.5696745,2.9381447,16.42616,0.5533953,2.846687,6.9508557,8.934757,8.664297,10.596717,4.743174,7.400116,8.603469,10.2182455,9.448636,2.5104713,2.4377708,1.4946707,4.315699,-0.0129334945,7.576369,-1.5623897,10.250316,11.142065,5.04733,24.59303,-9.5855875,7.8707223,5.4716015,1.7318257,4.0925555,20.645676,4.1410317
94,9.252306,22.785448,1.528522,11.668889,4.707519,3.082313,3.2292857,6.62814,4.138813,0.37412462,1.2535316,-4.4710174,2.7740839,1.5867455,9.274801,6.799295,-3.8363266,3.764965,11.359616,-1.0521849,-10.662069,18.538136,6.4231057,3.7027013,1.6486428,13.429505,1.3149328,-4.903494,-3.965125,8.852866,5.4827585,14.237348,9.141558,8.109835,7.5066824,18.93019,9.559593,2.9164853,-0.73255366,5.302825,10.663142,6.769721,-0.98249125,1.6382415,15.577633,4.3767533,5.8709717,5.29458,9.690085,7.9195743,11.681292,3.9370875,4.713162,9.154415,2.3627405
95,7.1920505,10.057329,4.5917387,11.034274,2.7799454,2.8859317,2.9846873,4.963907,1.5982157,-6.39185,-4.109153,-4.067375,4.4875593,3.8760712,6.6176114,-3.2742555,-5.326986,0.4931498,0.39742297,-1.4947306,-5.9307537,-5.3404355,11.093785,5.019894,4.7758565,16.915794,-1.8601341,-1.809896,-0.04517817,6.8539743,5.3461246,3.6681647,6.541919,4.471151,4.2980456,12.080071,3.2375312,0.9217888,-3.6874006,-2.5375018,6.397199,-6.2360168,-2.5508113,-3.6524632,4.3279495,-2.330841,6.9356794,-3.1289744,-12.613776,4.358797,1.9895078,3.503,-8.409083,14.673619,1.9814041
96,7.179768,0.48115668,-0.581391,10.617835,4.273234,1.2548223,-1.5760745,1.0087578,-8.649775,-8.120965,-2.15192,-5.1499977,5.891286,1.8076102,2.5120912,-6.2564216,1.5944309,3.9250376,6.247721,3.5584462,-0.451994,-5.687957,-3.179491,-0.7736394,2.8886082,13.279494,-7.1714993,0.5163942,5.1756787,3.5189729,1.52676,3.3226998,3.456674,7.8835053,9.139243,8.377183,-1.3522362,-1.811032,0.96210474,1.2701653,3.5876486,-5.8581886,-4.0945563,-0.29130337,3.5385914,-5.7326484,3.2101636,12.310149,-3.0189915,-6.209757,7.3741198,3.9984446,-6.4947305,21.78989,5.825566
97,6.758682,1.1463754,1.3039613,4.3934417,3.699327,2.7568407,-1.1040691,-1.0567445,-10.257715,-5.3473387,8.589907,-9.123186,3.5015016,-3.4070811,2.4411352,3.8385892,-2.245147,0.76820916,17.43106,7.3984385,5.7226033,3.924797,11.132364,0.15116268,9.73876,10.980728,-0.8155889,10.468344,10.348554,5.533347,-4.159992,2.7826347,1.2742157,9.169415,12.742956,3.850003,-0.5083309,-1.4840589,7.6368375,4.2853827,2.7119477,1.8163681,2.4400876,0.30357373,11.916116,13.453855,2.3937871,13.70499,-5.0013623,4.607851,5.2549458,4.393004,-2.5920591,15.573343,12.092893
98,5.6256723,15.333799,6.5774918,5.3002763,1.9731336,3.2795928,2.3807333,-0.6658232,1.9418296,4.744658,3.9335396,-2.235464,6.493212,0.24396515,16.444704,-2.4078605,7.0778584,5.219673,5.440167,2.6483116,6.2516394,6.36605,9.884311,7.6654515,1.7799169,9.1924095,0.9115268,2.4562786,-0.9906483,5.934129,3.6982129,3.6806219,4.370707,7.0474496,7.2430224,23.00239,5.11775,5.3305087,1.3852817,4.7326384,2.5150225,2.6014614,0.7227326,-0.41948637,9.813071,8.822666,6.6787376,5.057831,8.33738,3.7030725,3.7762907,2.3047717,5.245176,10.736797,2.8712337
99,-3.1905634,8.226526,2.5280123,3.692785,-0.1979417,5.0931854,0.8780098,-4.66888,-2.3064191,0.6690527,-0.3318241,-8.268154,2.5272539,5.4113073,6.962013,-1.5675267,-0.9949281,-1.4390016,-10.37641,-1.1123817,-1.5751802,-6.28713,5.927792,7.458913,3.7610917,23.563604,-1.7437751,-8.459222,3.8552144,2.6756868,-3.8687077,-3.1765325,5.8807445,3.193058,2.6632159,19.792292,-4.799019,-0.20337488,-3.9855466,3.5707974,5.567479,2.9970086,0.95395917,2.3857512,5.9440627,10.500223,1.2687386,-0.54822326,4.46956,-2.0518308,5.0575066,0.59116,3.3326678,16.52657,4.1848264
100,-10.625176,10.601624,-5.7045326,-4.1466866,-4.6715226,-2.2320876,-3.4971797,-10.701556,-10.614848,-3.157165,-4.4741764,-12.242786,3.0442584,1.8788438,4.1018476,-3.5907414,-6.0821414,1.5644573,-14.950672,-3.6077604,-2.3103118,-13.381467,-0.9273391,7.5798693,3.7003245,16.758688,-4.149118,-11.911528,-6.205133,-2.197417,4.433461,0.65640986,-4.3795223,-5.8139954,-0.25455356,8.403481,-2.906874,-0.6052198,-5.398035,-2.970122,1.5921831,1.8965358,1.5390754,1.2227528,-1.2932599,9.432932,0.43702188,-1.2997067,3.906425,-0.3733931,0.05729543,-8.022713,-3.355675,11.223599,2.9640648
101,-8.419903,-2.5329564,-3.5145676,-7.484767,-8.234088,1.546926,-0.731637,-6.87293,-2.8620255,4.0673833,-0.49022645,-1.9060345,2.0114782,0.59575665,5.8581524,0.22966948,2.3418283,1.8750478,-6.8694773,1.381821,6.270816,-8.409123,-7.12236,-0.866432,2.510518,7.6301575,-7.636836,-2.7303221,8.013514,-3.7448957,7.2986617,-3.231852,-6.858213,-1.9557772,3.645669,13.097555,-0.050640732,-1.0584697,-0.018003874,11.198044,1.0396911,5.008883,3.6538236,1.9542192,-2.948123,2.698289,-0.13866675,3.6560886,-3.6584942,0.307282,1.8229163,-1.4046154,-0.44614413,13.773697,0.18470764
102,-2.8541517,11.022528,1.1330034,-5.608,-3.4602983,-0.04877287,2.8949986,-7.0550203,-4.104868,3.680209,1.9082656,2.4440882,0.48148757,-1.7960029,0.33350632,3.0189698,1.4856386,-1.2885798,5.845018,3.8997087,2.8479044,-5.6246133,-12.409162,-0.2876637,0.1892465,11.551946,-0.13030283,-10.87121,9.175093,3.006933,4.205547,0.1366714,-2.8351395,4.562491,0.9633156,12.914504,2.726431,2.124151,1.6667825,-1.4563639,0.70159745,9.88011,1.5336217,2.9802961,10.790965,8.015344,-1.494838,-0.08635331,-4.917569,5.215671,-0.188338,1.1800566,3.585541,5.7598276,6.9646516
103,-5.894142,3.9019735,0.10321424,-2.0875356,-0.22453418,2.8060362,-1.3093795,-6.004672,4.0391326,1.8106936,1.656523,3.0991862,3.3090923,7.006701,5.1666493,4.967146,-0.0096809175,1.7800435,-8.075393,-4.6408544,-1.3171982,2.764204,-6.778161,5.3875904,3.6367671,8.525799,-1.3247161,0.3990008,-0.5005143,1.351275,0.5182128,-5.045408,-0.10860355,2.9303358,-0.7843958,11.768976,-2.6183765,2.4163122,-0.578747,-4.3652763,3.7478924,7.4818244,-0.27017683,3.4203985,6.9007025,4.077595,-2.2032251,-6.6827374,-11.095106,2.6630852,2.795731,2.3015292,2.2464325,-13.783724,5.3325067
104,-10.313579,-6.918658,-0.6863601,-10.543255,-4.993144,-3.916723,-16.410381,-8.933476,-6.9931316,-0.5004102,-4.1153517,-5.8951635,-4.214974,-4.8901772,-5.3426948,-2.7177534,-2.019531,0.6412914,-3.221552,-5.620382,-0.97947425,-0.102427565,5.1909485,-10.482913,-3.4283092,1.1133767,-6.9342833,4.919047,-5.6826706,-7.122869,-0.2565823,-9.564067,-8.15673,-10.316924,-6.0818014,0.82875305,-8.411335,-3.7208047,-3.855379,6.4265733,-4.1022186,-0.9611351,-5.368089,-1.0076071,-12.030798,-5.157741,-1.045655,-5.033128,25.947678,-1.7941357,-3.2930994,-6.4855094,-2.247918,1.4039624,-3.8430693
105,-2.168771,-0.35129434,-2.6910586,-1.9702989,-3.9462926,1.9631147,-0.5722823,-2.9644926,-1.2185004,4.818125,-0.6164842,6.0405617,0.550193,1.081079,3.495244,-2.3699856,1.7359996,-0.9545053,-7.049627,-6.500204,-6.663819,-6.223583,1.2941803,4.1110277,-1.2037532,4.8097267,2.2446074,-0.4987506,-3.5738149,-0.37009084,2.076893,-3.9799228,-3.2145903,-5.6678495,-2.198746,4.0546565,0.7726937,0.5693601,-1.5182178,5.5110626,-0.80466217,-2.9582553,0.29922193,-1.0314825,-3.6535256,-1.8047558,-2.6149538,-3.6808426,2.3686152,5.9648614,-0.0016798935,-1.9066867,2.6328628,6.2887526,-1.8255965
106,-3.078888,1.3014994,-3.2004943,-1.341573,-0.73921055,0.33511126,-4.16225,-3.8272967,-2.0786862,1.5233703,-1.8894119,-3.5638707,1.4286793,-3.9471743,-1.2147651,-6.743533,-4.849071,-1.506709,-1.5944874,-7.359028,-6.13865,-6.2761188,2.9875207,0.9702207,-3.3398266,-7.598135,-1.707291,1.169152,-3.7545035,-3.6556797,0.10729521,-0.98267955,-2.2337005,-5.787869,-6.3622375,-1.0619038,-3.617757,2.8355632,-3.731518,1.9537193,-4.3648186,-4.70196,3.0808852,-4.846018,-6.9965863,-0.8418543,-4.32578,-7.7095118,2.1813476,-5.8036265,-0.103232235,-4.388298,-2.3248808,-2.3141992,-0.08542969
107,-6.1165285,-0.3159975,-2.9248269,-3.4276528,-3.9107556,-0.06773904,-4.932138,-4.634376,-14.48819,-6.4032946,-4.0601335,-1.5065051,-3.5648847,-3.1826873,2.2850256,-2.7729373,-0.8255873,-1.3273363,-11.804959,0.68783134,-5.961221,-3.2224128,-2.4355578,2.634257,-1.1171812,5.0435863,-5.95311,-11.812984,0.2798217,-3.7951558,-4.9746923,-8.725928,-1.7361834,-3.2948759,-4.12155,0.22842292,-7.2191916,1.1854275,-9.335006,1.1524962,-6.250396,-6.1322546,-5.5369153,1.1955943,-3.5073104,7.2042456,-0.9253424,1.8481445,-1.638463,-7.5156846,1.04668,-4.253202,-1.6048143,14.573378,-4.5739245
108,-4.9510756,7.157964,1.5928901,-5.7996984,-3.3621073,0.59961087,-4.879181,-4.747489,-11.703859,1.8519273,-4.6477222,-4.1533656,-1.998095,-3.4894695,3.8829958,2.9025307,5.1460943,0.77818155,12.388512,-1.0006149,-4.1497097,7.223656,-6.105099,4.253946,-2.1676872,4.8380623,-4.990901,-2.2738676,0.6045144,-2.0171125,1.1021805,-3.4572845,-3.631784,1.9003707,-5.480792,7.3090734,-3.4260814,-2.1061983,-4.6675825,-5.1814747,-4.4142137,-3.889696,0.6779417,-2.9704273,-5.618469,5.5683975,-2.680088,3.0655038,1.2373503,-4.8918786,0.5403268,-7.4766703,-0.5329921,-8.592972,-0.7719518
109,5.157078,9.828477,7.305641,2.4999604,2.1063719,1.7486861,-0.18683076,-1.2568303,-6.303167,-0.79587525,3.1063294,-1.3786912,6.383426,-2.3828192,3.7780263,2.8490956,-0.069505885,4.715602,6.2101774,4.59496,1.5970988,15.730439,-10.514508,1.8042312,1.5122929,7.1599193,-2.629858,-1.6732451,-0.09967934,2.943195,0.5489798,-2.0211177,1.4173317,5.6413245,-1.3936415,9.862083,-4.3172836,-0.9120872,-6.300082,7.5470705,-2.2111828,-2.3646038,-2.9422188,1.7541939,0.63808507,11.310699,6.3635592,0.30576798,-7.5493007,-2.713693,-0.7108549,0.78503025,0.43755,-25.213537,-3.5475078
110,3.1934307,2.545891,8.26474,3.6705165,3.9608157,-0.5047101,-2.0019076,-2.4559073,4.7009115,1.5512134,-0.2627037,10.365158,3.2477605,1.9078263,0.7001752,1.0698558,1.5444881,-4.5980673,6.429058,5.634609,1.2377878,0.12503338,5.8925753,4.4066305,-2.5633447,3.895212,-0.1437345,4.1311016,-1.3669791,2.1208503,6.758027,-1.3034099,4.43485,1.6348946,-0.1554662,1.4170629,-0.47734898,2.9531817,-1.3186694,7.9089766,-1.3866955,-2.3001528,4.6669827,5.1913157,-8.734175,9.345137,5.3629794,-8.308111,22.629278,-1.3535472,3.993774,4.1396294,8.390476,9.552527,1.3716317
111,-2.2371428,7.303658,2.186046,2.6226685,-1.5248555,1.4375798,-5.950548,2.1127703,1.0929185,-3.5446815,-7.3970604,-3.611855,1.1908822,5.457431,1.41641,5.011776,-6.151102,-2.7000654,-4.9531507,0.35775137,-3.754407,-9.1817665,4.4986196,-1.687447,-3.0190473,6.0210395,-0.10465625,-3.9723976,-10.298084,2.2035306,-5.9978833,-1.430523,1.051019,-6.124677,-3.2540407,2.450935,2.4507651,0.73166966,-6.707328,0.59034145,2.7571537,4.3931026,2.8624043,0.73552346,-3.8895295,-0.96337736,0.25200862,-13.4842825,-0.87018925,4.915778,-1.1440318,1.1068292,-0.6441698,7.706305,-9.847521
112,-2.0043054,-3.9507916,-3.958416,-0.33375373,-0.010833996,1.8667804,1.8741151,-0.40990773,-1.1411891,-7.853539,-8.361876,4.8670387,0.18534578,3.0076494,-1.2528559,-3.5319602,-6.5897317,-2.2476525,-6.647883,-3.6370394,-7.497416,-5.4012218,0.6398076,2.9994783,3.1357965,2.2859886,-2.5447917,-8.173041,-8.39539,-0.9288144,3.9655702,-2.029095,2.8997276,-4.222197,-1.6143719,-7.154067,-3.0268192,1.5825992,-8.781938,9.351988,3.4696908,5.8913174,-10.275283,-2.29105,-18.000578,-1.5719422,-3.6155562,-7.170738,-3.1252167,-4.154002,-1.7975194,-1.7685323,-1.2357452,-4.733581,-4.546926
113,-10.366026,-9.819469,-3.0067067,-7.7613664,-4.433108,-0.15723328,-2.8311315,-5.2134356,-9.894682,-6.3576045,-3.6837711,0.25975278,2.1213856,-5.2981277,-3.9798315,-5.2350926,-0.27696097,-5.1192536,-21.483517,-9.743276,-2.5243826,-19.151716,-9.546036,-2.8938181,-1.3175454,-2.078389,-3.7052312,-14.642055,-1.7230811,-7.8870673,-6.889471,-6.1515326,-6.58035,-3.8513951,-4.388018,-4.81803,-11.521286,-3.7311745,-2.2189267,-6.403493,-7.304065,-8.451528,-4.2430573,-5.142596,-18.656027,-17.622154,-5.46599,0.31870663,-12.657917,-6.258006,-1.1353475,-8.390744,-7.722555,-5.506016,-8.240247
114,-3.9463742,-5.9383335,3.3060396,-2.9747446,-2.5209832,-0.29785857,-5.7573004,-5.1689463,-13.874012,-2.5188954,-0.56429034,7.8628597,1.6920563,-3.4585886,-0.60220057,0.8841055,-2.5419288,0.45420694,1.1521554,-10.194218,-3.1574588,4.112504,-2.285124,3.3044577,-0.37910903,3.812418,0.8242876,2.0314693,3.1739492,-3.324386,-1.3050883,-9.61981,-4.9744067,-1.5538472,0.63016295,-1.0760484,-7.405105,-3.365575,-3.5895236,1.2332523,-7.049428,-4.91816,-7.1049156,-1.700994,-9.984101,-9.132636,-3.3277574,0.25681084,-4.1487665,-3.175895,-4.488062,-7.535564,-4.2505274,-7.9587765,1.5729797
115,7.0398564,11.479533,2.7334337,5.8228855,5.469321,5.450503,1.7152864,0.079570316,-1.7187793,3.902502,5.567519,4.605614,7.755326,4.771453,6.3134184,-1.3906635,1.3445067,-2.4111052,31.369967,1.3704093,-6.023279,16.193218,-6.778616,6.8179207,6.5616417,10.676035,2.4321072,11.124,11.130039,2.374508,0.25626874,3.771228,0.017773733,8.546533,6.000839,4.690426,-2.7681818,-0.52908295,-0.9679358,2.6392584,3.5847602,-5.44417,-2.3267941,-2.251234,10.204293,-0.2220783,1.5187806,-5.713948,-11.94149,-0.25969782,-0.7227428,0.61603284,5.9666553,1.4649465,-0.2698513
116,8.344092,1.6056278,-0.6261679,3.7521129,5.690003,2.7280128,1.5919889,3.1285532,-3.7301595,2.6625109,4.5004168,5.3503194,2.9364777,-3.6229246,0.8913197,-1.9098274,3.6474323,4.690768,16.417484,-1.7077633,-1.9152539,22.117151,2.1990218,2.7520442,1.2002132,6.4743366,6.157895,7.8085513,-0.53894013,2.0849037,0.5787791,-0.55011994,1.2457943,5.578802,1.4286236,7.8253055,-0.36152667,2.525047,2.5266125,-3.2301056,-0.23817475,-0.9778029,4.180461,2.2425475,5.531514,-2.0580697,2.231193,-13.121816,-3.5897982,1.5305828,-2.1493337,-1.788226,3.6367261,-21.76616,2.9385595
117,1.7848822,12.758232,-2.9237697,0.769036,2.9034028,1.7695107,8.302569,0.21668765,-0.38248923,-1.4584553,3.8795216,3.924392,3.6339927,-1.8483751,0.42002752,-3.1425595,4.635295,4.3418145,4.4033704,1.79606,0.18262736,7.5999665,11.257327,-0.95478004,0.7064964,1.4325973,3.6601255,5.6967535,0.55538136,-0.6300541,-1.4316647,-1.8999206,2.921182,-1.421123,-6.6019125,1.8097975,-2.0145211,-3.2617493,0.5695424,-1.6880894,-2.8519285,-9.554882,-1.3785785,-3.6304927,4.283638,-6.865482,4.5254483,-0.44626433,22.762484,-0.4412634,-2.2128932,-1.7683159,2.4093711,4.774417,-1.3511722
118,1.9512038,6.8577666,-0.056708965,3.4411101,-0.45793355,1.6948986,0.052522145,5.43058,-5.0241923,1.2330576,-2.494924,0.50767666,2.7641773,-2.757016,1.1498383,0.9733357,-2.5340035,-3.1319687,1.01238,-2.0473192,-3.2725375,-0.117791496,3.2793458,8.187222,7.10927,8.056959,3.8102312,7.072178,-2.6930978,0.27143466,-2.6115959,1.0634428,3.4444723,-3.511092,0.38174015,-4.124599,2.647428,0.17913514,-4.014484,-2.8201256,4.666422,0.16156831,-3.4438472,-1.5893258,-0.9914018,-5.7541943,3.9433446,-8.947466,16.437944,5.548299,-1.9328932,-2.41119,2.9945447,9.484322,0.6082591
119,8.046736,0.030980555,-3.7667217,5.0830297,2.0420475,0.9718689,1.760384,3.3146906,2.8078868,-3.8199956,4.6867895,-6.2742023,-2.1721447e-05,-1.5744683,-1.8945855,0.83800966,4.541729,-5.2279587,-4.8912206,1.4550041,7.486684,-1.9976314,5.723474,4.6261525,5.746312,5.7058744,2.0376384,10.574027,-0.9357598,0.19634022,2.4508653,4.1631756,3.078012,-4.482824,2.5054789,-1.6678462,2.4897547,-2.1945329,2.0073018,1.8354974,5.083097,0.46622342,0.92317677,-0.20708643,-9.489829,-6.771405,1.61831,-5.498272,14.532362,3.8654022,-4.2024417,0.50344193,4.542711,2.8242235,2.5093849
120,8.046177,1.9971845,0.2311419,10.625287,6.5111694,6.233202,0.15239969,3.080491,2.7801502,1.9408592,1.880938,10.065997,1.8525941,4.2207456,5.429085,5.611785,3.5760846,-2.3555167,3.7975144,7.3259406,5.7810884,0.43890855,6.389398,3.1914601,3.247806,6.603536,0.0741931,4.3566775,-8.247213,5.6991134,-1.3700801,10.588984,7.8169255,1.9466885,4.4027925,14.459364,3.2430422,-0.73210627,-4.616677,1.57827,4.625998,-1.8701557,3.5953476,-0.12977375,4.8191133,10.821999,2.2090905,-3.6539829,3.7489877,5.2300453,3.0382385,5.308021,5.1122,11.47546,-0.78175956
121,-0.343177,15.445213,-3.4005969,5.566043,0.4673953,5.5209794,-8.60431,-4.70905,-4.8083305,-0.26330796,-3.3616984,-10.126473,3.839909,1.2508812,-0.52545893,2.1745007,0.37171507,0.52192616,-9.807502,2.3007889,1.3692316,3.0475178,-0.65500396,5.1006246,2.4097085,13.149897,-7.212592,-9.038352,-5.8863325,3.758352,-5.9027934,0.9206329,4.609445,2.3113763,4.035494,8.988405,-4.0574055,-2.2839932,-7.470353,-0.045496814,2.680714,-2.6347284,-4.314769,-3.7701943,-6.56502,12.945242,0.57753533,-2.6730714,2.0704076,5.278157,3.1872838,-4.8554907,-0.65097225,12.725742,-3.804758
122,-6.731235,11.622875,-5.67653,1.3981649,1.8721559,3.1078227,-0.6888751,-6.1951046,-9.582499,-5.3118954,-5.6348333,-11.66555,0.4263325,-0.11296823,-0.015437959,3.088393,-1.4806018,-4.279078,-10.871125,-3.7063534,-1.5466981,-3.9130642,-1.5089935,-0.54496115,-2.9385583,15.283152,-3.8103023,0.6890959,-4.9728336,-1.0690117,-4.421767,1.8002495,3.8145092,-3.6241074,4.0631595,-4.125961,0.62564945,-5.286886,-9.521986,-2.7006233,0.6703661,-3.990656,-0.53500986,-0.5397578,-12.504499,14.514835,-1.4425673,4.0055194,-1.1450182,-4.63863,-4.66143,-6.127187,-4.0845003,12.826914,-3.0496647
123,-2.9402227,5.19243,-6.1769614,0.2581174,-2.18793,4.894127,-1.9281338,-4.8558855,-13.831486,-0.41548774,-2.9522614,-15.133661,5.469787,2.8648148,1.5913415,-3.0198822,2.9510586,-4.438667,-9.98697,-3.843469,-5.0217323,-2.1713672,3.3582594,7.5884614,-1.3406475,13.527764,-3.6046703,0.08504162,-0.85798216,0.44177732,0.38606584,1.2347276,-0.40273708,-2.2003982,2.2713337,3.675365,-4.244626,-5.115714,-4.210206,3.9801695,1.6076314,-5.494018,-1.8044053,-0.7243845,-3.779121,-1.8650076,-2.9918287,4.7612476,4.222687,-1.529388,-2.3989058,-2.8604743,-0.9670519,15.615731,-1.1484159
124,-6.3372145,1.5705912,-1.9889246,-4.039515,-2.1574135,2.3537862,-8.760295,-5.4312377,-13.579514,-4.091583,-4.3666263,-1.9152554,3.772363,-5.747455,-2.1501825,1.2483035,-4.0565033,-3.0771422,-0.24195552,-6.711868,-6.688335,-3.2173657,-9.469885,1.668392,-3.7601125,13.03853,-5.08902,0.62326044,1.748038,-3.5058439,5.0587273,-7.2567034,-3.1077023,-1.7644607,-0.9964066,1.1780447,-3.2842696,-4.324837,-8.477043,-0.7961937,-2.12254,-15.73658,-3.29989,-5.5145774,4.252639,-2.2197225,-5.3023057,13.34487,-12.69674,-0.18770656,2.7734058,-9.917594,-2.3620274,10.948604,-10.446395
125,-5.3039575,3.1785755,-2.236907,-1.517736,-3.3842027,4.212755,-2.99629,-4.3923755,-14.23564,-0.12598044,-2.8563383,-1.8269767,3.880394,-3.260777,1.297721,3.048469,0.52622056,1.1399348,0.8673881,-3.572401,-8.835903,6.354698,2.1394608,8.780365,-0.70975256,9.465393,-4.2634783,-4.4260345,5.771122,0.81900805,-0.39956552,-5.9919224,-3.1151338,-1.8593686,1.5887357,-0.14828981,-1.6216041,-3.012399,-7.9839654,-5.0335875,-3.3044026,-19.410349,-3.236251,-3.2739222,-0.780267,3.9908657,-0.043221414,12.496311,-11.542148,-7.1322904,3.2750616,-6.1610694,2.7570162,0.5660824,-5.423644
126,-5.612208,5.1174726,-4.112869,1.2219112,-3.321301,5.3266377,-5.48142,-5.4899697,-16.192366,-1.7849258,-3.3946264,5.9487014,1.5482912,-1.7123038,5.310371,-2.2798498,-2.5829945,1.8076209,7.7153916,-3.3016973,-1.2913868,1.1115845,0.74429893,2.0291283,3.0905457,10.793404,-5.1448674,-3.0268655,5.0105443,0.7203574,-1.2574492,-2.9243052,-4.066155,-0.49967608,4.1022596,14.696576,-1.1087974,-3.1135392,-6.4984927,3.8964252,1.7640197,2.1837912,-2.6003218,-0.43416542,1.382179,4.0302277,-3.2368438,0.2617097,-6.493606,2.4263737,2.2923627,-4.138189,3.8148687,-7.22708,1.4904534
127,-4.7042456,14.640647,-5.777277,-5.236127,-3.4946125,-3.5596035,2.924686,-9.163754,-8.357466,-5.3929915,-0.27814907,-8.958998,-2.7300375,-13.695083,-2.6297977,-5.33856,-1.3345788,-1.420308,-0.627714,4.465373,-0.5943905,5.5209985,2.361211,4.107404,-3.0243912,2.5754142,-9.670019,5.970105,4.55617,-1.7016219,-0.49420634,-0.5195649,-11.249312,-2.221869,2.5437067,10.27811,-1.2378299,-6.2905984,-1.086117,-2.5076635,-3.3691306,1.028284,10.245654,3.2928176,-0.2159713,2.3051765,-3.5776803,9.942013,-9.639481,3.1045382,2.1018357,-1.1486284,-0.024592798,8.601716,2.4506123
128,0.40937665,15.321381,-3.8601763,-0.009838281,-1.9896417,2.8481314,3.005371,4.730868,4.6350055,-2.0049071,-0.3200886,0.14977244,5.1815968,-1.5392447,3.3471935,3.2055824,-7.6943197,1.0448948,-2.459077,2.516172,-8.605008,4.5114512,-11.014901,3.127707,-4.212795,14.112438,-3.6426458,-8.241873,6.105844,3.387035,-4.649556,1.9265301,-1.3055966,3.792362,2.8312101,18.974972,3.6903782,1.3275787,-0.43837926,-2.3737655,4.509095,-1.8788595,2.6392336,2.9791334,2.464073,5.2078934,-3.4408534,1.9364754,-9.0991125,4.0996833,7.095093,-1.7750117,1.4782535,-6.426741,0.9637825
129,-10.646905,23.845358,2.6354158,-3.3856175,-5.898707,4.4520016,-13.645348,-9.462917,-10.97393,5.4016023,-3.7707162,-7.827128,2.8588986,-3.7626116,6.0189166,3.3311238,-3.7180767,-0.34063333,-7.482945,-4.539102,0.822288,-0.67858255,-8.4364,8.608951,-1.269036,21.681442,-9.381263,-11.152098,-8.591179,-1.1086723,0.40503958,-11.268022,-3.3810027,-5.414908,-3.9476228,16.387182,-4.655197,-3.1587484,-10.493229,-4.4433923,2.2806203,-2.2778773,-12.831509,-0.28253487,-11.742645,2.1287363,-0.23814297,-13.29658,-3.9512186,-8.227216,3.745523,-6.5890074,-3.090047,-2.0228257,-7.5227537
130,-15.660247,21.582512,-7.198064,-3.1441593,-6.1145267,1.9459732,-5.8775253,-13.240232,-27.846628,-3.6317406,-4.2898703,-7.5097036,3.2381032,-0.7898406,3.7663436,-0.5841119,-3.5941474,-0.6755803,-4.683394,-7.420162,-0.07261412,3.9733574,-3.6936805,6.851513,-2.480879,18.846748,-5.9493823,-4.1901364,-5.853692,-4.184054,-1.37975,-14.007282,-4.7230096,-10.446134,-5.772708,3.6273263,-12.017858,-7.3171616,-11.556599,4.6416755,0.1264789,-12.691464,-3.449706,-0.45615697,-13.913174,-4.7787905,-0.13611098,-6.9985676,9.69045,-2.4904735,-2.159249,-12.984798,0.8822656,2.9312632,-6.3200455
131,-8.0720215,6.583532,-3.1353552,-0.50072,0.5671701,4.9315796,2.3064468,-8.6361885,-15.64658,0.18422861,-5.5453243,0.6758986,5.524018,0.15366097,3.8224015,2.4957597,2.716274,0.9725607,-2.6048481,-5.241991,-5.0940456,2.030853,12.813217,7.8462915,-3.1520984,7.5451765,2.4339786,3.0711184,-0.75608635,-3.5088856,-0.98248535,-9.552487,-0.30840528,-3.3081124,3.7945967,11.353345,-4.4530854,-1.4207243,-8.3347025,13.69917,3.2905607,-4.476256,3.557534,1.1966807,-7.421768,-3.7758021,-1.8065474,-9.101414,18.103994,1.0063697,-0.5063689,-0.7005487,6.579848,9.014178,-1.3232763
132,-0.040517353,8.540895,-8.304667,0.5803755,0.7278873,3.4689615,6.814144,2.1301699,-3.773034,1.4558189,3.553016,-12.081229,3.4638448,4.009422,-4.3850274,5.917332,4.7498856,0.3301889,-12.653662,-3.6440544,-6.354022,-2.9127662,0.84023863,4.368999,0.22764379,1.1771537,5.9112854,1.1185727,-0.7880702,0.70218253,6.762123,2.1958177,2.5021608,2.992341,1.422129,2.8957913,-0.35032186,0.8247594,-2.6434977,-3.0420194,1.2919182,-5.0644097,6.3178635,2.430615,-10.204193,0.25115806,-6.2013664,-6.244492,-6.05418,2.8635573,2.85699,-0.33796278,1.8384718,-2.8917687,0.5473642
133,-9.445004,-5.000261,-3.051956,-4.1932683,-4.0575657,-1.9950802,-9.205078,-3.7695878,-6.7289357,2.1618927,0.12539525,3.4697678,-1.5540853,-6.3487062,-1.6603136,2.2644079,-9.743212,0.33648655,-11.68888,-4.6816115,-12.234836,-7.0729733,-3.982904,0.9181953,-2.6353319,6.980836,-1.2853224,-6.8246927,-2.441112,-1.4232534,-1.3505999,-2.0981255,-2.8272252,-5.916042,-3.1215122,-3.6929755,-2.1772285,-1.2996967,-4.90519,6.8023305,-5.4865623,-7.3271136,-1.6130922,2.4642286,0.47536936,-2.461046,-4.394694,7.850021,-14.109431,2.5286136,-0.80348825,-1.7277672,-0.36804706,-0.25405174,0.9129354
134,-7.4345217,11.665089,-3.816557,-3.706972,-1.5137609,-1.662417,-3.639823,-8.128346,-5.398131,-5.8196645,1.2964804,-12.882668,-0.35008332,-4.2915406,-2.6135578,4.1573653,-1.7400085,0.52724767,-8.17215,-7.3279305,-7.3417826,4.096435,-6.581178,-0.09003392,6.781834,3.724053,-1.4015963,4.2263227,-0.028069051,-2.693309,-1.3586489,-6.4659576,-5.4199324,-1.6302334,-2.4345832,-4.761742,-5.0829167,0.6776974,-4.054881,-2.3465815,-5.8476954,5.3782873,-4.139086,-0.082992435,-11.139531,-1.7982414,0.3031119,-6.354902,17.872616,-11.698081,0.48699448,-6.6149154,-4.8930454,-8.931421,-1.5849307
135,3.720246,9.567355,-3.551974,5.934909,1.6408708,1.8748254,0.71297944,-0.47241464,-5.7726746,-0.6514776,-1.1857723,-13.3661995,-0.2120357,3.1570778,6.823294,4.1350346,1.6801254,0.13268913,3.964077,-0.6001278,2.7140017,-4.8568745,11.717085,2.8820705,10.281972,-1.3251925,5.1854644,-4.992971,-3.9611242,5.371737,1.6586086,-0.42900646,5.812257,1.7329745,5.1198626,5.613434,0.43200237,-2.7622447,-2.1974497,-3.635466,3.1015153,4.2024207,6.046111,2.5576217,-6.532173,5.0843024,-0.47859386,-6.1097493,4.161864,-8.50348,6.738066,2.9452891,-0.47875905,9.852313,0.44734326
136,6.937107,24.819042,6.737367,8.457879,6.0596004,5.6748114,-0.22426045,5.425583,5.976618,3.5621755,7.644668,-9.429517,3.8509712,3.081063,7.0081024,8.75401,-0.8769539,5.2911067,2.6851823,1.9744772,-1.1365442,5.5807776,-2.531995,5.541318,0.24903332,0.7505829,8.247051,2.225253,6.009664,9.453283,5.3870153,6.4413295,8.353908,7.852185,11.25898,15.913843,5.4213753,3.4737728,2.7741008,-0.8023836,7.8931518,10.770042,7.019887,5.5296497,-1.2091801,11.58611,4.684078,-2.6722794,1.9880096,5.342046,9.721961,2.6571767,3.775317,10.007007,6.510806
137,-0.35678864,13.506183,4.7650437,5.4506288,2.9876251,4.336885,2.4457898,7.6317153,10.486794,-2.280245,0.36013806,10.574107,4.016479,0.90470314,5.907754,7.218471,-1.2008616,3.4255984,8.875378,0.86740166,1.9784287,2.6265962,4.347792,7.8883185,1.8108217,6.91628,4.7698655,-9.9233675,3.9990606,2.8928082,-4.8377056,6.3110075,6.2901015,4.5619707,4.7654552,3.990588,1.9365189,3.5999308,1.6648409,3.9064696,7.9151144,5.435587,1.2227,3.9594946,-5.5646434,-0.71546596,-0.6803067,-4.569689,-23.427378,15.498821,4.4353724,1.0977494,5.683974,-13.663845,0.9853046
138,1.4208144,14.360911,5.553628,5.673339,4.001383,5.6635184,-0.61725295,7.4720416,2.8126497,2.567367,-3.7700117,3.27051,7.731785,5.7150106,5.934595,6.3857555,-0.3567866,-3.016103,-8.967127,0.7763535,-1.6824578,1.659783,5.4643583,5.0246186,2.4986548,5.301447,3.5282154,-1.0531712,-5.422414,1.4453387,-1.2410731,3.1903555,7.565811,-0.1302621,5.652763,8.614462,-2.1318595,0.4789691,-2.7613575,6.329265,4.8986034,6.918767,-6.4843817,0.8243809,-5.6791277,3.2881186,1.9212233,-3.9885173,7.516182,-1.4790859,-2.1065316,2.672568,1.7528198,6.6642594,-5.7552714
139,0.7103191,3.891328,11.100409,1.6771797,3.652751,-0.5476827,1.5540719,0.5050122,-6.585005,0.56924397,-3.247579,-3.5526605,0.40204734,2.12305,-0.8234945,4.8429,0.2591722,1.1284066,-7.8680863,2.7945168,-2.5861037,3.579756,-2.0875063,2.627895,0.107228085,1.2369205,-0.4572069,-5.6178255,0.5893424,2.322476,-1.2484299,6.399038,2.5240114,3.2536387,4.3407993,1.1867508,-1.9551868,-1.9293741,0.11977551,6.3289747,0.9845383,5.148603,-2.5858767,2.9163976,0.8757562,5.458662,2.0655034,11.335957,-0.058053028,-6.296897,0.4793494,-4.0468698,-4.1494694,13.2700615,0.31294677
140,8.471094,3.5636256,3.8190622,4.678075,7.518161,1.4820361,1.7804414,9.761318,5.61673,5.529036,3.310681,-0.2552232,4.901021,3.040493,-1.1058272,1.427117,-8.832284,2.1438708,27.867002,2.368314,-2.5653608,13.151973,-3.6013782,8.797454,3.1917357,6.2114096,1.6060706,-3.0631075,10.163888,4.997164,0.7988036,10.396353,5.50341,9.631158,9.743052,3.4377708,7.24938,0.11588439,5.4037714,9.922102,0.6853336,5.6280518,1.3486098,-1.3864697,8.27517,9.178562,3.7022443,12.156827,-18.21349,5.3081026,5.0691934,4.7625146,-2.2184796,-1.5238242,1.831503
141,13.506471,11.778245,11.718486,11.1881,7.781769,4.9471307,1.3476976,10.3940325,2.785083,2.8835504,3.9580894,0.44859907,8.355409,7.27943,5.435849,3.1844118,-0.075051576,3.6901762,11.408133,9.807669,3.4994097,13.079172,-1.6391599,5.4596806,4.684371,5.246852,9.40592,-0.14739908,-0.6685973,6.672254,-0.0015544978,8.590332,7.6942263,12.676373,7.2298617,10.572195,2.4385188,3.6872947,-1.2255776,-4.9111376,8.021277,5.5459886,0.42319465,0.6288669,5.112921,7.125828,5.6545463,3.5544696,12.901571,3.2168803,3.722621,6.565288,1.2464246,-0.51815134,-0.31532532
142,5.763928,11.678574,4.944067,3.1014402,4.4313154,0.96267736,-1.249026,6.6471677,3.2213619,-3.629893,-1.3658837,9.288849,4.003925,-1.0463135,-0.7406859,2.578138,-1.260798,0.32337654,2.9521585,5.786708,-5.012117,-0.33697414,-4.0323906,-5.505429,-3.0354655,-3.169379,-2.2224617,4.1106596,-5.482468,1.299183,-0.05958586,10.709722,3.1950018,3.0307086,3.4753454,-2.353353,3.6731865,5.476518,-2.9295514,-2.1296613,-1.8579034,1.2003034,0.04388653,0.18456556,10.058137,7.318537,0.7779923,-6.1775146,-0.17407945,9.567624,-1.3807783,6.382009,0.23357148,6.250299,3.969492
143,4.5982265,-3.4336822,4.4195538,3.3661218,0.8529692,2.030645,-0.5016919,1.2930224,-8.439533,-3.0609796,-5.2837462,-0.11352964,-2.9538984,-1.2008413,1.6173428,2.8511922,9.553805,-2.1544542,17.840073,3.719148,4.479977,17.784826,-1.8554951,1.614061,-7.09011,3.678274,-5.215299,-3.011318,1.9510531,1.1503489,-1.6937836,-0.10466182,-1.643543,2.1337025,2.6462471,-3.0319097,-1.5027292,-4.3532863,-3.1803854,-0.9089498,-1.342668,-0.5315634,-1.8450258,-4.647489,13.709411,-1.7986531,2.4419463,8.421263,-15.827571,-6.564017,1.8572973,-4.6465597,-2.3047588,-4.5586286,0.56795263
144,9.382165,7.7016425,3.835349,10.9994755,6.5054755,5.524878,1.2059555,5.586728,-0.45108488,-2.333366,-1.5647227,8.331984,6.694085,4.214645,10.754895,6.487347,-0.85709065,-0.61232114,9.94571,7.0931754,5.7680817,4.6070848,9.762988,4.649027,5.6137433,-2.4026492,3.9720144,3.076442,-6.7353125,7.9209714,-1.2894686,7.3586793,8.307257,2.4142654,7.263896,8.939628,4.1020927,2.120403,-4.645283,1.2956362,6.3425894,4.776254,-1.3337783,-3.2287498,4.340864,10.557842,4.1484623,-7.5718966,17.114376,5.718237,3.5307565,-1.0502131,0.24943246,15.783417,-4.8135166
145,1.8416492,2.2832847,3.861096,2.6822999,4.177302,3.4063206,-2.2649686,3.3135407,0.8449069,-0.57368475,1.2893193,-1.3083034,8.463305,-0.65113366,0.94210595,3.7583222,-5.4938283,-3.4548118,3.464181,0.8666131,5.831159,3.0979297,-0.77075016,-3.397712,-5.4713364,4.5870347,-0.17689809,-2.8980944,5.3248057,1.3997252,2.3621948,3.2256875,2.648827,7.077278,8.259351,13.784219,4.360322,4.9312363,3.489991,4.606255,6.9959936,5.739755,-1.1720788,-0.6250515,8.206758,5.8210506,3.0756779,19.541636,1.5722737,0.5245355,1.1925333,3.8802202,0.85235846,8.1837015,5.8770843
146,5.086728,0.39125952,2.6734905,5.928437,4.8430233,4.5530906,1.2203343,3.4974391,2.2867522,-1.5350803,4.8191223,5.0640335,8.578092,5.0988274,0.13226749,-0.9109064,-2.7746978,2.9827254,4.0660887,-5.353975,-1.1141341,15.501084,8.527685,4.7748923,-1.8426775,0.46922088,7.3587713,3.346324,3.2353363,0.12948006,9.360431,0.14141762,5.6133733,6.921991,11.636742,11.608909,5.865685,3.8775475,4.266587,-3.0850801,7.07106,4.037001,1.9353771,1.942698,3.7103941,-13.277448,2.036925,5.854884,11.434005,6.1198645,1.1368216,9.257963,9.629368,14.743012,3.9867115
147,11.913943,3.2890394,6.6825485,9.029662,8.765554,7.526137,4.619482,4.4106436,4.2628927,0.33844838,7.0166125,16.38362,11.464983,9.310668,6.6351748,11.951212,-4.540704,1.6130285,-0.46491167,-0.53607565,-3.6876056,11.655522,5.6184845,6.4892125,2.494366,6.956906,8.560754,5.9071035,5.876409,10.796203,0.3099362,7.2909765,9.860778,8.045325,10.824571,10.68334,7.611759,3.768828,4.5595665,13.495755,14.087171,9.404697,7.2307425,1.668026,2.3116508,-0.027627366,4.680428,-4.6494,5.2780466,12.140751,5.3371763,12.225612,7.7022943,13.235167,1.8767198
148,1.2860435,-9.120903,-3.842973,-1.6709832,-0.29274532,0.5410489,0.52188694,5.77104,4.342299,-5.053739,3.2035174,-1.1067686,1.6668926,-0.38826546,0.41184253,-0.8576311,0.6081097,-1.4423999,10.273699,0.26291698,3.8157048,-11.671427,-0.76373094,-1.6899024,-2.112815,-1.0151008,0.4892646,-0.17114505,5.04243,0.8792561,0.9201582,5.347987,-0.45184618,2.5823288,1.3902131,-16.427185,0.8686403,-1.1362382,3.2391589,6.871358,-0.50883114,2.3197725,6.906877,1.3365444,5.709089,-0.07661298,4.060156,11.106135,-9.961827,2.7747865,-3.0719612,1.8866944,0.11295028,14.234521,-3.200299
149,-5.5274053,-16.696724,-1.0836871,-0.7736783,-2.1931586,0.4830495,1.0827562,1.999732,-1.7870448,3.3338473,-0.25964066,2.8976803,2.7129698,-2.0793738,-0.9899548,-2.282136,-2.5644786,-2.8671548,-0.803934,3.4685555,5.5342407,4.8018656,5.2155213,-4.4546146,-2.8577425,-1.6314752,-0.12878054,8.959696,-0.5537511,-2.4932969,2.6408918,0.50461,-4.7806745,-2.303102,-4.79593,-2.242655,-3.174488,1.0785623,-0.009074759,2.8270566,-3.0851688,0.50816333,-1.630148,-3.062383,-1.7093073,4.029888,2.5067973,4.075421,19.405306,3.4667203,-4.3576393,-2.1464148,-2.308616,11.956513,0.38745326
150,0.5252046,5.4823294,-1.7860599,3.9493835,1.3183848,2.83893,5.459515,0.40817624,-1.2443597,6.612909,1.3402773,10.212203,4.643194,5.799436,1.8534436,3.176327,0.5253989,-0.66064906,7.616624,5.6136074,3.7898464,0.02285028,1.9836085,2.1325517,1.8503572,-11.714805,-0.45008332,10.305275,5.540627,3.2300332,3.9423323,2.978747,3.344101,3.9777448,2.622049,-4.6081367,-0.8912249,0.08847859,5.244503,0.13337299,1.0099963,4.4614706,4.1286306,-0.57864094,13.759887,11.84099,-4.5617228,-5.971559,-0.14650857,-0.8241927,2.6062245,1.9021151,-1.6227574,23.2807,6.5957313
151,5.0667415,2.3117015,-1.0147461,-0.2455232,-1.5887663,0.34044987,1.2126048,4.4254766,13.834849,4.962862,0.7081365,18.471024,-0.6253277,5.098059,-0.50085926,-2.7831686,3.6528206,-1.0527608,9.99927,9.399771,0.40629047,-6.2417355,-1.0544794,-5.861979,2.3535202,-3.7182708,1.5362371,-0.5088338,1.4620539,3.5441215,11.121147,2.507539,4.5997605,3.6101968,4.3459907,4.469689,8.381855,9.6628275,7.4004383,8.210032,2.5163765,11.676392,4.9868746,3.682156,25.939445,14.73571,-3.3135917,2.2166955,-3.4689069,0.4126647,7.2707796,7.6745267,0.22038694,-6.398149,5.594314
152,0.6316837,-19.40058,-4.637948,-1.2981045,-5.239189,0.8351865,-5.581416,-0.12681472,8.942974,-4.961756,1.7145101,9.24143,-3.0561159,3.606389,-1.4735968,4.840953,6.8640137,-1.2956498,5.7660694,6.6032815,5.049949,-16.392958,5.384039,-3.6431231,-0.68275064,-9.939275,4.146116,-1.8512013,-1.2754623,0.8031624,-2.6640248,-5.99292,1.2440226,-3.954329,-6.262862,-11.613225,-1.3164561,-0.26991737,-0.3589959,1.2424071,0.12613665,-0.79825383,1.7079414,-0.9939755,18.52269,4.694285,-0.67977375,-5.1615186,6.7112885,-3.5264952,0.0040179626,3.0214968,0.21213254,1.880762,-0.73198235
153,-13.30098,-22.33221,-2.7979264,-7.8248096,-7.4440026,-1.3488808,-6.207024,-6.112295,-5.9296827,-2.737876,-6.9470086,0.33431187,-4.849075,-3.5200062,-2.3897822,-12.315296,-3.6860514,-2.1848116,-8.918956,-3.849468,-2.0686412,-18.013727,-14.749854,-6.538692,-3.1424913,-14.753579,-9.284052,-7.768118,-6.6622605,-4.841359,0.8232334,-5.5952077,-7.0763006,-8.2084675,-6.248311,-9.506124,-4.7568192,-2.766378,0.3369272,-4.5151563,-10.072452,-7.254372,-2.641113,-1.932948,5.9019046,3.9207263,-2.1184304,8.8651085,-17.239298,-4.4137325,-5.1587105,-8.121268,-5.1291423,9.215941,-1.8715928
154,-8.374745,-20.372078,-1.0423937,-5.064927,-3.7464645,1.757323,-1.1881117,-9.887018,-13.057619,0.17277889,-4.005843,-0.6584526,-6.1959324,-3.2406812,-2.1862326,0.1798106,-5.129612,-4.3820915,9.309921,-2.7314298,3.2492244,3.918347,-2.2678907,-4.6645284,-8.816827,-3.0233712,-3.944617,4.0316525,-1.1471164,-7.045988,-3.5741525,-6.4193177,-4.3198333,-7.1051965,-6.416906,-8.985094,-5.4840217,-6.2112265,-1.2650857,4.0868187,-5.9902215,-1.9127629,-5.2467766,-2.8432248,-7.9879937,-4.1250863,1.1766539,7.939833,15.547088,-3.9404655,-5.8538995,-9.933975,-3.0736291,-8.068556,-2.4530396
155,3.0466547,0.10622418,-0.106387116,1.2470922,2.0295627,-1.5698177,5.6020603,-3.1130948,2.3528154,0.20664224,0.01620623,4.0520854,-5.6558027,1.048134,2.3272595,-1.0078938,4.2344966,0.088825926,-2.7603257,-2.1428268,5.1025248,-5.6006403,-1.7223463,-4.530694,-3.5199072,-6.196545,3.0372217,-0.60028094,-6.4506826,2.1044307,-2.6996195,-2.126105,0.682092,-0.55730695,-5.415468,-7.422929,-0.8457352,0.65597886,-2.8048103,-7.840775,-4.0486197,-6.4688168,-0.3747544,-2.1512887,-0.27210972,-1.8443052,-2.3252082,-9.817428,4.302218,0.43701118,-4.0002036,-5.986757,-0.9195706,-6.448778,-1.5691322
156,0.8008431,-9.208811,-0.43056914,-1.4344825,0.58360726,0.5816646,-2.7655168,5.9899445,5.4877954,5.368325,3.8754778,12.493768,-0.23004471,2.8734229,-0.061543867,-2.415753,1.661794,2.7567,-8.333453,-5.486944,-0.24574865,-8.950254,-2.7999773,-1.4254686,-2.908923,-9.655374,-1.5368685,-0.5935805,-5.15399,0.84891105,-6.509748,1.3889502,0.6120222,1.3396475,-4.1645126,0.57219243,3.4812224,2.1995776,3.2345393,4.9793153,-2.1269972,-3.6893578,1.623791,0.20666404,3.2546358,-3.5369663,-1.2454327,-4.5390615,-10.83486,3.3581896,-3.2129793,-2.1879334,3.9086268,-14.185273,-2.1987758
157,-3.1159906,-18.30745,-1.1991404,-5.2081857,-2.2367299,-3.3245955,2.0411885,-1.2704574,1.4717087,-1.7465937,-1.0245515,4.080634,-5.59577,2.540912,-7.587586,-11.086355,-0.3289642,-1.5967147,-7.2470207,-12.215951,-1.4311894,-6.1341352,5.1066523,-6.299689,1.7057296,-12.512926,-0.023717964,4.2117505,-1.5412002,-7.066466,0.6215197,-7.6698194,-4.5450306,-10.922915,-7.277661,-15.388221,-3.3112953,-5.515038,0.642706,-6.7521486,-1.5169477,-1.5488613,-4.9922457,-1.165289,-22.098818,-17.974583,-2.769004,-1.3422903,12.946327,-7.495785,-10.589983,1.7658874,-5.96662,-23.916224,-5.5664268
158,-0.94963056,-14.329578,-4.007909,-4.064359,-3.404413,-0.5239487,-1.0458803,-1.6296495,0.72759724,-2.586391,-4.385112,10.431311,-7.9231653,3.1395056,-4.8785067,-11.373548,-1.1968235,-4.362169,-12.216412,-9.918056,-7.5309415,-14.034938,-5.146834,-7.3786063,-5.677962,-9.296676,-0.36672348,-4.650111,-10.266326,-2.7258956,-9.621758,-8.380223,0.38562936,-6.5903096,-9.976647,-13.50489,-4.0186286,-4.2792153,-1.8797481,-3.5566666,2.8379622,-8.9260235,-6.588677,-1.1974956,0.9759485,-11.645224,-5.6356807,-16.776978,-11.231132,-3.052649,-3.372248,-2.40127,-1.4315047,-13.47273,-4.7235155
159,-8.40418,-10.251574,-2.4476418,-5.7714458,-4.374191,-4.293656,-0.5756544,-3.5515318,-3.1175914,-3.0353138,-3.6902237,0.805269,-6.694058,-2.9344082,-10.264246,-0.9616515,-2.9126132,-2.098186,-10.842113,-11.773969,0.021519646,-4.390786,-17.26704,-4.230189,0.72991365,-7.968942,-4.683218,1.1696243,-0.23117992,-8.840134,-7.0980887,-10.771555,-7.2134237,-5.803707,-9.759358,-13.074098,-5.1171393,-5.913537,-3.4474504,-0.36409786,-3.440017,-5.056009,-4.0127454,-3.6574152,-6.3690453,-14.2421465,-4.2244353,4.598724,-15.187478,-2.9377663,-7.528092,-5.3685236,-8.577823,-13.567642,-8.83714
160,-4.040523,-17.164984,-1.7085462,-5.330478,-0.9736181,-2.1701987,-2.7034044,-4.8027086,-5.4678226,-4.0981445,0.21502644,4.8805714,-4.966245,-0.7273652,-5.1996098,-1.2788526,-2.1531782,-2.7883499,-5.1302943,-8.860519,-4.361736,-0.27187368,-6.232079,1.1569531,5.1062117,0.9579789,-3.651024,2.5368462,-8.108903,-5.550122,3.04781,-10.949614,-7.411015,-4.765461,-5.473861,-8.637894,-3.9162378,-2.1505933,-4.783536,0.004123762,-0.13408694,-1.5640326,0.98694545,-1.9095066,-17.831715,-11.859891,-4.3564897,-2.8392313,13.478261,2.6973786,-5.2686844,-3.1647518,-2.0210447,-1.8077723,-3.8452494
161,0.8904103,-9.866484,-0.7400416,0.6628304,0.5547535,-3.514029,-0.15664217,-0.32821786,-0.81071204,1.4487783,-0.79113954,-10.793506,-4.592893,-7.097436,-0.82144064,-4.8460135,3.984457,-2.1291106,-8.247954,-2.4334567,0.41555962,-10.187606,10.66343,-5.760042,-4.354759,-6.328292,-6.308789,14.071159,-6.8656573,-3.1760056,-5.4713664,-5.9530272,-2.4751654,-3.9303775,-2.923032,10.445248,-3.6908476,-5.358538,-5.389926,-1.4258878,-6.4446588,-7.9795012,-5.449346,1.5102292,-13.785158,-3.3970914,-0.79428756,-12.021775,2.5170157,-2.580535,-0.054935515,0.10225055,-2.9058616,-0.49058264,0.24857874
162,7.441679,2.3027318,3.7655504,5.539021,2.6316347,0.9761295,-0.80364156,4.925677,0.9433764,-2.0446043,-1.3297615,6.214093,-0.36753705,-0.29167277,5.104493,1.2551106,0.9033278,4.5137935,-4.269303,1.2625153,0.4857701,7.1549673,10.507294,5.4667153,6.7712026,1.5869999,4.380295,4.907952,2.9484227,3.68748,-0.7763751,2.4231198,5.6380305,4.9653244,2.3286273,8.588148,0.7343486,1.9215266,1.5543535,6.4921107,3.2277305,6.9711885,0.2839399,-0.82060647,4.7931256,0.39654452,1.1243156,-3.0602458,8.799168,1.0668002,-0.574488,5.95991,1.959041,10.256583,6.140936
163,0.99257976,-5.591215,0.8662352,-0.53263843,-0.2880967,0.64478403,-3.1607313,2.5268846,7.419657,-0.92560816,-2.5537684,-7.297247,0.48258102,1.7802699,-2.8717191,-2.944609,-3.4460332,-1.4304255,-13.832228,-3.2836497,-2.935175,-7.6270256,1.1154704,-2.8473392,-8.488896,-0.3632914,0.6343278,-12.9586525,-3.7888205,2.7705069,-4.555583,3.1620574,2.27334,0.45676807,1.5570625,-0.30849352,-3.4727743,6.983759,-3.1123827,-0.3155813,0.23790857,-0.78139627,1.7747815,1.4749267,1.1809347,6.5745964,-1.0477939,-7.911198,-4.249175,-3.8545218,-4.146123,3.5471318,2.2930765,-8.779733,-1.0909969
164,-3.7562351,-7.8805275,-4.3865037,-3.0142102,-1.5344021,-2.2050884,0.7028706,-1.50615,2.211695,2.4701977,-2.9893415,-6.7573624,-4.4492526,-0.42319527,-6.5247,0.82639396,4.65725,1.244405,-6.6247053,-3.8309793,-7.40795,-4.6155124,-0.4180345,-3.9256697,-5.4834695,-5.0242715,-7.209926,1.303709,0.503938,-7.3539896,-1.8745763,-0.19511132,0.18734217,-2.6770642,-1.3617432,0.8214141,0.25504822,1.2766685,-1.2790499,-1.1093981,1.1494228,0.7940475,0.12478115,-2.1020377,-19.478409,-1.7748812,-0.73194176,-7.623577,-9.447016,-1.3710372,-0.16555294,-3.9273624,-2.723026,-9.924407,-2.9321382
165,-4.439948,-7.3269486,3.0029812,-0.02371789,-0.390555,1.3891542,3.2291706,-1.0603999,-8.575478,6.1597166,2.1682117,3.4801252,0.8248373,-5.3881645,-2.0372286,0.3901686,6.7424965,-0.80987483,2.435772,-4.253634,-3.1447132,5.5497136,1.6459745,1.0885193,-3.1794384,-8.960674,-1.1909987,3.1144905,1.3326043,-2.615251,1.3020768,-2.7645388,-3.544731,-3.115928,1.0235449,0.34497678,-0.76074296,-4.297473,-2.0973992,0.30875182,3.2760074,2.5311177,-4.7988157,3.8484433,-12.395874,2.9210236,1.0592569,-5.040355,-10.580444,-6.0890408,-1.7508651,-0.2736431,-2.590432,-13.326533,-2.998747
166,-6.239128,-2.739335,0.24071153,-2.6880772,0.38558462,-0.24368127,1.0304196,-1.4321358,-4.1775947,-3.9812882,-0.560549,-6.5335765,-2.9021463,-2.7878983,-1.2698525,-0.19566804,-1.5228765,0.7594792,-7.5348816,-6.7440968,-1.5880598,14.237943,-2.2525735,1.001406,-0.1099719,1.7091005,-0.8054006,-3.9208655,-5.9370627,-2.8677528,-7.5190067,-2.8666565,-3.0134656,-6.5898166,-1.8127043,-9.913752,-4.551196,-3.6491644,-8.764306,3.6239953,2.280418,-0.37844905,-8.478623,-3.536802,-19.160915,-2.1774044,0.30621845,-12.500162,19.295399,1.3825612,-0.4952828,-3.97352,-0.106706865,-5.295006,-6.084929
167,-1.8914515,-0.6217923,-3.74255,-2.3930776,-0.23228584,3.5280674,1.572577,-0.68786263,-4.621566,3.3735113,-0.34455445,-4.4406533,-1.1181554,-0.88519895,4.509216,4.836486,5.646355,-0.19130054,-15.635482,-6.0797353,2.321946,-5.4432907,0.36463645,1.8785633,-0.6841014,-4.009572,1.2466383,1.9643538,0.27842218,-2.9928102,-6.1274858,-0.25618312,-0.3370106,-1.3290939,-1.870149,5.9891973,-2.702045,-5.6478567,-3.1811182,9.614244,3.2989361,-2.5531433,-6.5739923,1.6199362,-14.334001,2.3730989,1.1418471,-6.7839994,-1.5411744,3.2590208,-2.843961,-5.449994,-0.5214425,-3.8490298,-4.4775987
168,-2.9472578,3.881728,6.2444835,-2.7003891,3.0193555,0.60506827,-8.74214,-4.6714416,-8.711299,1.2459931,1.9674512,0.41051337,2.5323124,-5.0645103,-1.278548,1.2987068,0.84468293,2.2850301,5.4986424,6.169492,2.9129553,0.64157593,4.3818574,0.5756059,4.725314,14.429287,-0.6960582,-0.77459115,6.293638,-3.9295137,0.034671843,-1.4984872,-3.5125759,0.9496833,2.6119528,6.0257034,-3.433271,-2.9412198,0.11508097,-7.066716,2.8124354,-0.11434305,-4.187611,1.296762,8.019785,-0.9675321,2.2715142,8.227029,7.4214826,1.5419544,3.9567783,-4.3336062,-3.0804431,-3.7301118,5.709622
169,2.044598,1.2551785,4.7996454,0.20541036,0.75377417,-1.527405,-0.46342513,3.107204,2.0952916,-2.2815108,4.0393686,-1.0294604,-1.5038544,3.8981013,3.2445931,-8.814855,0.7516202,-2.5883005,13.577927,1.2048812,-1.0387326,7.377208,-6.822541,2.9585972,-2.9261515,-2.7738428,2.0460436,-1.2532398,-0.9451638,-2.9015124,6.843859,3.9405413,-0.75052077,1.9843161,2.5919054,3.0735648,1.2849165,0.52479655,1.3165108,8.997015,8.412958,2.5685856,-4.453583,-2.7669501,2.3523743,-4.50934,2.795941,3.3401544,14.157814,-4.391586,-1.2028549,5.321169,1.8141761,-9.245973,0.05608245
170,4.635993,5.2452884,3.5832489,-0.3115857,0.67670965,0.95718306,-0.58260864,0.22958288,3.4866498,3.1077998,-0.47949842,8.185835,-2.9430022,-0.027967103,-6.8500543,1.1932744,4.1622195,-1.5577073,-11.389464,-1.1368786,6.4596844,-1.891303,3.1852727,2.0863988,-0.87221754,-0.54527205,-3.068771,0.076546974,-3.4030607,1.0935535,-5.5564737,-2.7046359,0.5675299,-0.6239585,-0.45645192,3.4113653,-0.4428368,-0.74591005,-3.8160272,-9.810018,-2.6832826,-1.7522775,-6.653928,2.062369,-9.56155,-3.2319605,-2.2297864,-8.246018,-1.1577893,2.7346122,-4.3995805,2.823015,2.2979848,-0.2591055,-4.3449216
171,1.8578352,1.3342776,-0.787233,0.64783436,0.2723511,2.1611395,5.464203,1.0177895,-0.53867185,3.3101413,1.2710499,15.060977,3.1975727,2.5587738,1.708971,-2.4001586,2.5197961,-2.259562,-8.430616,2.9727352,4.0838714,-2.7725472,-3.005818,-1.4410393,0.26617622,-6.001525,3.2969403,-3.7439845,0.8823919,-2.0647993,-0.6002916,-4.1363745,2.5664809,-1.2214358,0.8503071,-3.2059994,-1.3411363,0.05978227,-5.39144,1.5245799,2.9965467,6.280693,-3.1714768,0.9850793,-5.16585,-4.5568256,-5.0876603,-10.930857,-13.820139,-3.90292,-4.7223873,-4.745898,1.9128804,-9.247257,-1.5990283
172,-6.0244813,-7.248772,-2.3279822,-4.19157,-2.8889914,-3.7638955,-4.651755,-0.61344063,-4.309113,1.9691824,1.1960186,-2.0597763,-1.6548754,-8.76925,-5.801405,-5.0952387,-0.63676256,2.1338947,-6.4197617,-0.9387274,-1.4268186,4.028845,-10.926882,-3.3353813,-2.5528054,-16.098875,-2.108349,1.480947,-1.5077556,-8.477798,-6.081374,-3.6158066,-7.562485,-2.6011763,-5.382054,-11.985621,-1.1843193,-5.75986,0.68983084,-4.2302384,-5.2199707,-1.1195734,-4.9281893,-2.8194377,-10.302205,-9.9328165,1.3339721,3.9695137,-7.249894,-0.6524287,-4.3424926,-0.103783295,-2.1699462,-20.875523,-3.3099284
173,-0.06260512,-10.792038,-4.560607,-0.47991368,0.12785079,-1.383438,-0.4804364,-3.2787561,1.309138,2.5415936,2.6135695,14.749216,-1.40636,-1.6453164,4.6047144,-2.4999406,11.498174,0.15036905,-6.0657334,0.37409768,0.6326548,5.1276183,10.253983,-6.743368,-6.306509,-15.198284,-2.1412249,4.583604,3.210323,-2.0450318,0.7244676,-6.972941,-3.905741,-2.0283275,-3.9699144,0.43527192,3.428662,-0.77239543,0.69014394,2.7273238,-1.1444817,4.5685306,-2.9631464,-1.1154914,0.35321444,-2.7525024,0.2535679,-10.7930355,6.1777253,-2.6540549,-6.452575,-1.9353437,-0.18419322,-9.318123,1.3788997
174,0.4266233,-7.3158946,-1.3803493,-1.1019101,3.9689834,-1.5483345,1.6682434,3.5887804,2.240808,2.4472065,2.3779676,3.0393455,-2.5293317,0.2035917,-0.23069328,-0.3970338,0.24654715,2.3306775,-4.4579496,-1.411991,-2.0932317,-9.410096,5.2735367,-2.6961803,-1.6526104,-11.317879,3.3339746,-3.9418252,3.176328,-2.373926,-6.855757,1.9263589,-0.7572987,0.97161657,-0.6091853,-6.7732105,-1.5479327,1.7855303,8.021709,4.3456225,-2.2630897,2.1662488,5.3846297,-0.3737927,14.40148,2.9134085,0.7340091,-2.1939793,-2.5674436,-2.0996172,-1.9986601,0.0784817,0.056461558,-3.7861764,7.005451
175,0.563347,-6.1270237,0.26937616,-0.8264309,-0.7628319,-2.813286,3.649366,2.3222265,8.573256,2.5326319,-2.7317238,5.3780837,-3.3493571,5.3201027,-0.075123444,2.4549208,1.1234957,4.5518584,-3.427465,6.8046393,-0.10696064,-5.3536496,-14.856007,0.7892117,-0.4886112,4.9797955,4.9462137,0.8225725,0.61482555,-2.4520085,1.0557084,1.6215183,2.8512473,1.9995501,-3.4790673,1.9284555,0.33111268,0.2904534,1.7420777,-0.48552108,-5.4643598,-0.13949871,-0.91001815,1.815644,8.999989,-2.1442802,-0.88907397,5.4724226,-11.621613,9.00806,-2.3812263,3.240574,0.16836399,-7.6673446,1.2014465
176,1.6150389,-16.20201,-2.6462657,1.9399393,-2.2225916,0.7859476,2.178479,2.7883694,2.520088,-2.1537948,-2.0212712,3.0977516,-5.0272894,2.8225582,1.5541424,4.01927,-3.2106254,2.1218872,-9.288909,-0.32032505,-6.162818,0.16753523,-21.817797,-3.031042,-3.0151577,-3.0757186,1.1224188,-4.722298,-1.201087,-0.039259855,-3.09328,-1.8048904,-0.081120245,1.9181626,-0.91486573,-9.264472,-0.79994357,-0.52946556,0.32658094,-0.84740573,1.8134252,-0.6589463,-0.51913553,3.729859,-15.009495,-8.000481,-5.0898027,3.4688344,-11.858651,2.324579,-1.6584642,-0.35153842,-1.3674202,-24.807558,-5.884815
177,-4.779695,-9.708198,-0.5691013,-6.85019,-5.669331,-3.9904544,-0.36768228,-8.009908,-11.175582,-7.925704,-4.3905487,6.961726,-7.488845,-6.994746,-5.072007,1.1792054,-0.33466202,-1.6324314,-4.398375,-5.6733904,-3.3259292,-8.396707,-1.3743638,-5.4213376,-1.4237517,-8.976458,-0.3861465,-1.2856603,1.8727764,-4.2402964,-0.32655397,-5.849165,-6.187453,-5.850246,-1.3335367,-13.9557495,-3.7267644,-2.3332314,-3.1734703,12.892695,-4.043979,-2.4320254,-4.1131816,1.3257252,-4.828761,-12.533864,-1.3675778,-9.511133,-0.3857787,-5.2548833,-7.4193935,-2.566337,-2.1462283,-4.701518,-2.475072
178,-4.1192045,10.454648,-9.540732,-0.3624714,-2.3080578,-1.1530366,1.7338219,-5.426956,-9.209842,-8.247233,-4.154202,-1.71881,-0.5360608,-1.0934719,1.6715994,-0.89544594,-8.265949,-1.7059276,-3.7043562,-2.4026875,-5.4357047,-2.1642063,5.7849708,-1.8304628,2.0086343,5.30089,-6.5183854,-4.5670476,0.24456324,0.619808,5.5559497,-7.610125,0.5262579,-2.5732996,-3.3492422,-0.24373853,-3.222711,-1.5759726,-9.379942,-0.5902803,-3.321901,-6.7197948,0.16224079,-4.2551966,0.6539106,3.713544,-3.3009708,8.755912,-1.4683667,-2.9339473,3.5755174,-2.620216,-1.3017279,22.722887,1.3953009
179,1.7973706,-0.88980687,-6.1045594,-0.47055316,1.177435,-0.6543074,1.4265469,-0.7805984,-1.4346178,0.9313859,5.3170853,-13.202089,-5.020795,2.0890336,-1.0179889,1.2196192,2.7718496,-2.3680844,6.142646,3.291321,3.8295555,4.2254,13.875169,-1.1711669,-3.21784,-7.678019,0.7169493,-1.7882032,-0.06544299,2.2005053,-0.90331864,4.582149,0.226912,1.1794502,2.4800377,-4.825382,-1.1125584,-2.2169597,3.982157,2.136661,-0.73341686,3.5556145,4.6343374,2.5652525,7.2922664,10.26747,-0.39729756,-0.6692425,6.848467,-4.6567464,3.0398753,1.5284781,2.5455015,8.011409,3.1427135
180,8.3305025,-10.872332,-3.591162,1.8686963,1.2268872,-0.60294086,10.604372,1.7701478,13.1064825,9.81409,6.8882403,5.630228,-0.55052066,7.437253,3.9914227,1.3997285,5.3327913,5.209028,-5.6577044,10.83015,5.0518427,-2.064484,-8.024521,-1.623175,8.247635,-7.5652194,6.768297,-7.0460486,3.644924,4.4671283,-6.087264,6.945029,7.2127714,6.10637,0.6874017,-6.512301,1.2727875,1.5670644,8.28804,-5.7713366,1.6339058,8.251374,4.6499934,2.5940757,-7.628397,4.051484,-2.8503587,-0.025205757,-2.1182587,2.9838061,1.0310515,6.0302286,6.54542,-7.341005,-0.63826275
181,3.389139,-11.617894,-5.686239,0.48997086,-0.057274066,1.2739689,10.838398,-2.6762187,4.6541696,1.918789,1.2440507,-3.755269,-0.9941072,6.8864584,-0.19349733,4.048623,7.5314145,0.4403618,-0.19854057,3.8367724,4.3851666,-2.4936583,-5.3693905,-3.3342097,1.7620202,-13.409162,3.8697488,6.529391,0.41765407,2.3102882,-0.44120827,-2.2039618,0.65360177,-2.062881,-3.8714106,-8.509115,0.24306826,-2.1380181,4.4455905,1.8541152,1.300877,4.595044,2.9227023,0.8425061,-14.03005,0.84346026,-1.691321,-10.131646,-4.69631,1.4604248,4.924722,4.1361785,2.9001367,-19.159431,-4.880584
182,-5.8313875,-19.110447,-7.363533,-10.082799,-3.2825065,-8.365852,-4.3468456,-8.621089,1.9862548,0.91322374,-5.5641294,-10.231064,-7.627899,-0.42799184,-13.453908,-3.4103193,2.210538,-1.3411896,-13.9979,-1.2125604,0.09174299,-12.524552,2.2401237,-7.451254,6.0238266,-18.318857,0.29326358,-7.832015,-8.384837,-5.026411,4.7127895,-3.1969185,-7.6964364,-9.876984,-7.510301,-23.735613,-4.816509,-1.3938177,0.42125624,-13.138527,-3.3727145,0.2921188,0.670978,-1.5471079,-8.608577,-8.6380005,-0.20633376,-10.325887,6.942626,-1.8127369,-4.4974947,-6.0140395,-3.7580063,-15.996817,-6.7508307
183,-2.54244,-20.47704,-8.7512665,-7.662481,-4.1325026,-3.2673879,5.4015255,-5.978526,3.9569972,-3.2874465,-2.7907605,5.7977066,-3.200778,0.44460386,-5.2689867,-4.511536,3.4038181,-1.7172852,-19.85468,2.5610995,1.0109953,3.7705672,-1.9147533,-4.4107213,0.45573738,-14.289362,2.8474786,1.1341068,-7.514455,-2.8543088,-5.8765016,0.018868176,-3.2902126,-3.379943,-5.46128,-5.029196,-5.4166837,-2.7350812,3.5729449,-6.052558,-5.931232,-3.3123732,-5.2917056,-2.3701322,-7.38642,-7.8972254,-2.1203723,0.0041700774,-13.020621,-8.380941,-4.5380664,0.88126504,-0.8911702,-0.19808367,3.542168
184,-2.0223174,-6.69835,-0.64371145,-4.242528,-1.3140587,0.3724995,-12.270963,-1.7036027,1.0259733,-4.3691983,2.2530138,-11.312846,3.2773232,1.1524444,-3.0989525,-1.2739727,-2.1900563,-4.0903807,-0.710498,3.2661724,1.129414,-3.5083773,-2.0507233,-6.0100813,-5.518681,4.3254895,0.23652692,1.7210492,3.7390378,-0.07964632,-2.5518897,0.26718712,-2.410788,0.8811316,1.6909384,-7.850908,-1.9692425,-6.274775,4.4435515,-0.87086546,1.3152007,-1.658749,-4.149732,1.3072443,-3.4444914,-4.886026,0.24654476,7.4270673,-5.788747,-0.07774137,0.12001217,7.0860124,2.3550696,-3.338852,2.5789278
185,5.491124,4.7393994,-1.5490175,-3.1161282,-5.3248687,1.5948857,-5.137531,-2.3044782,1.7141384,2.6661758,2.2872794,7.0670204,-0.1972863,-4.2886834,1.8731482,-4.3047,-2.680993,-0.93662256,4.144613,1.9772673,-4.6296415,-17.670843,-9.37663,1.0786504,3.138567,8.647733,-2.1814966,-8.067485,2.9281714,2.5641878,2.789607,5.6636777,-2.8198953,2.5212502,2.1868434,5.133083,4.8425345,3.8186507,2.087639,-3.9941397,3.1622095,1.6754334,6.184895,1.0777553,-3.2369199,10.178132,-0.98087233,-12.1057205,-7.7360277,5.148779,3.5790622,0.6276071,3.4903345,0.54778457,2.5082195
186,1.5471252,17.67917,2.068275,0.948531,-1.9153237,-1.7446434,3.1039217,-3.5381587,-7.088942,-6.8091073,-1.5910367,-14.610071,3.15305,-1.3407794,1.6419348,3.8717804,-3.3011312,1.4239548,17.703434,1.4409324,3.227349,0.33470985,-0.4113374,4.9045777,1.8229165,10.88707,-4.9470468,5.589013,3.9927344,5.10675,3.0879526,3.1275256,-0.23899268,4.691893,1.0543797,5.9813175,0.4041407,2.7136312,-1.3925653,-6.3526893,-4.3897953,-4.7930803,5.0504775,-0.16153178,12.622056,12.481184,3.1971264,11.879182,-3.3833437,-5.45807,4.966905,-0.5568884,-0.09967998,32.368156,8.729621
187,2.9702451,6.619692,3.0159526,5.8669066,1.4270923,1.4605407,6.873168,-1.8092895,-1.187154,-7.0165753,1.40364,2.1880667,3.687819,2.8913,1.8106784,3.2106075,3.260224,0.61913115,7.0627737,5.3400936,1.0155572,0.8069054,2.6029334,4.4927793,9.792008,10.743748,1.0422674,3.3781364,7.80979,5.1633463,6.9812465,1.0284251,3.955781,7.5908813,-0.07387609,8.006091,-2.2676992,-0.14299612,0.3959845,-1.4683781,-0.42708984,-3.8040934,3.5094693,-3.9290645,15.606053,4.8606915,1.5991468,1.6128148,-3.7390604,-1.3766677,3.0049706,-1.3718485,-0.3452545,3.160362,0.88778335
188,5.213531,3.1461003,3.296008,1.3717104,1.1129107,-5.1598887,2.3275783,0.49642456,3.2473104,-0.97802204,2.2462327,-0.35399383,-2.0859485,-7.752098,-0.80368847,-6.9567404,-1.4854316,1.9592457,15.735699,2.857834,0.49828878,4.185146,1.2455848,-0.355424,-2.4518108,2.5578377,2.0259387,6.8748817,3.2238107,1.3403983,1.5197743,8.384547,1.4313469,0.19521886,0.20916675,1.5868257,0.97693026,3.8700726,3.323365,-2.8408089,-4.2462635,-0.55320084,6.106287,-0.235697,11.488162,0.9118057,1.764448,5.3035083,6.5079145,2.5655065,2.861865,2.6191063,0.9597176,6.830375,8.127505
189,2.545891,-5.09693,0.70497036,-1.7592845,0.44248733,-0.4648425,-8.112999,4.2227464,1.9465268,-0.6235493,-2.1269119,13.121914,-1.6629412,-3.661128,1.7265745,-7.6715617,1.767243,-1.1320755,8.860883,-1.8764876,3.0126095,9.845183,1.1906891,-2.1080697,-3.8072317,-0.7083401,2.7982466,2.419122,-2.8255892,-0.23267463,-1.2400911,6.588523,1.2083328,1.1964678,2.6046972,4.527894,3.975816,3.358222,3.5440702,7.747932,-4.1413894,3.3235579,0.9096747,2.8141963,-2.832751,-1.853394,3.7376788,1.7038535,25.283314,7.2788734,-2.474724,0.091745265,4.5568414,-4.4498677,-0.24805614
190,-4.255467,4.6733174,-4.667481,-2.6898708,0.14762737,-4.881522,-1.2938275,-0.83815384,-2.7429073,1.6380289,-0.77321684,3.9762444,-6.141222,-4.17401,-3.266661,-1.2413973,-3.5517433,-2.352574,-6.0326514,-0.43955168,-1.8263742,2.4472888,11.729993,-3.7376285,-2.7734199,-4.5998774,-6.207991,1.4816668,-4.185104,-4.1037097,9.817134,-7.251694,-4.6068454,-6.0197415,-3.5626469,-11.200638,-1.1618109,3.4589412,-3.0075295,7.474627,-3.234408,-5.6043305,-1.5124449,-1.0409614,3.8017294,-6.1147256,-5.213544,-8.100417,13.576165,-0.45700827,-2.1184344,-1.4714092,-1.9544753,-10.133266,2.7958596
191,-1.303802,-3.5903933,-10.2899275,-1.4162663,-0.58920187,-1.9348118,-2.1786895,2.0208414,-0.41898862,-3.4591577,-1.3452462,4.876308,-2.5934455,-6.203092,0.18347919,-6.586009,-1.9793651,-6.006245,-0.845536,-2.6453228,-4.3332014,1.5925013,6.6347356,-0.18837735,0.43531406,-1.2113715,-0.8009015,20.882492,0.27830982,-2.314115,3.2148788,-4.6044793,-0.32598424,-7.5985885,-3.302044,-2.186033,0.37573674,-0.90733737,2.8294775,-0.6135491,-6.7405634,-5.1842184,3.4479327,-2.1167915,0.2786783,-4.080268,-1.5518148,7.296223,14.595884,-6.286699,-5.9216356,-3.6544418,-0.6017846,19.300644,1.7366451
192,6.527033,4.3878813,4.030275,1.4520992,2.473318,-1.9485523,3.138016,3.2240431,6.0695252,2.379819,4.7344446,7.4998116,1.5437843,-6.597305,1.3795178,-1.5627196,-0.84062755,0.686716,12.701952,8.339099,-1.9866955,13.101664,11.818466,3.8777351,0.31111556,0.84112537,5.0305114,11.148639,5.2499194,3.6225584,5.48984,3.434216,2.5772765,0.68314147,-1.2044439,2.6440058,1.8537344,2.5275087,1.56504,-2.0402606,-0.19168162,-0.7665127,2.1818233,-2.0111475,18.24479,-2.92164,0.07111421,1.8787163,10.308076,3.6433032,0.2546062,2.4833949,1.0611148,13.2574625,2.0908887
193,2.102285,7.666151,2.6782026,0.4402011,0.7083037,3.54099,-3.682855,7.9314723,11.275185,-0.16432191,-2.1573122,10.27405,2.829119,-0.53826314,-0.09971838,2.9494479,-3.437129,-1.5937276,7.624659,-2.963026,-5.887963,-2.6626046,0.17808677,3.0348132,2.97331,8.673006,6.8790903,-8.306186,2.802907,-0.40080386,4.13226,1.9031341,3.7787488,-0.11243191,-1.0965856,0.5954363,6.1190033,10.575799,-2.2826197,4.8477907,-4.432935,-2.2251356,-0.8344104,-2.3136854,7.827051,-2.2290266,-1.0052396,1.1635334,1.7249833,7.868616,-1.7546593,-0.48942232,2.9522207,3.3689728,-3.4197283
194,-5.424796,-8.536201,3.9820795,-6.9184456,-5.515838,0.531524,-7.8090687,1.0271577,5.5905023,5.7528434,-3.2055225,8.94405,-0.5649499,-1.0455079,-2.2662766,5.097683,0.33907667,1.3598164,-1.9657959,-6.027782,-10.354719,-1.2642932,-11.960285,-0.23100019,-1.4198589,-1.6278485,1.0684344,0.8879553,-1.9438987,-3.395001,-4.937417,-5.977196,-4.0568604,-4.2225046,-6.9871187,-9.645082,2.3626463,0.5852472,-2.4836416,3.7508223,-4.071763,2.8529928,-7.043646,-3.3481123,-14.176993,-12.116989,-1.0032331,2.844671,-2.1706622,-3.8946278,-4.6575117,-1.0434711,0.80442834,2.086247,-7.532856
195,-3.6413205,-4.166335,-2.0065842,-6.467862,-1.7765507,-5.5509825,5.5464797,-0.47759798,-5.284144,-2.3577237,0.060900368,-11.20537,-7.357879,-3.1720712,-3.1404612,-4.3949537,-0.35959852,-0.9368421,-2.0808003,-4.3526635,-1.9590293,6.173736,-8.054603,-5.8477664,7.1539392,-19.151054,1.9440296,4.2411375,3.2651072,-5.0727463,5.459379,-5.0107,-6.272725,-3.074046,-7.8204365,-9.555921,3.0105357,-2.0100565,5.4666696,-9.719816,-4.475586,-3.0272055,-0.26937413,0.55929077,-2.892426,-6.9014688,-6.525228e-06,6.169033,-11.436782,-5.7011576,-3.995121,1.253951,-3.709012,-6.9135466,-0.3377123
196,2.9152956,-7.847287,3.4486198,1.7945708,7.458455,0.6400402,2.5503216,7.086274,7.290157,2.1155643,-0.09398319,14.710197,2.3760478,8.800063,6.845622,-4.3427205,0.15017235,2.9977448,9.076541,0.8867472,2.4748452,5.30141,13.419277,3.9013233,3.6935778,-5.0018024,3.8886352,4.7977705,2.868284,2.4164588,9.858571,2.3224454,2.3011696,4.435659,0.7141205,-2.329951,3.259862,1.4875612,4.3323755,2.7432334,2.4069695,5.901414,5.69759,0.95056653,5.645721,-7.687905,2.8566067,2.0785322,23.346405,3.2846687,0.33382976,5.975591,3.2411458,3.0020275,-5.288219
197,0.4126622,-8.79003,4.229628,-1.9610776,3.5457072,-0.12940265,1.3375229,5.80219,10.391391,0.9145925,2.2860565,-0.4205198,-3.9824235,3.031868,-5.5928807,-0.031720996,-10.2663765,6.1914663,-10.188041,-4.140962,-3.3017595,-4.347445,-2.4684622,0.15346336,-2.8597388,-15.619668,6.721721,6.391074,-3.3191142,-0.19243656,6.8262386,1.601017,1.2328501,-0.82203656,-1.9478786,-10.633294,5.0925245,1.4605628,4.868781,1.7704185,0.7412618,7.4218125,3.1765442,2.140779,8.435725,-4.8387218,-2.9230194,-7.2486,13.739377,-0.69173276,-1.812272,4.8752937,3.1481857,-4.5937047,-0.24953708
198,-4.7893963,-9.539405,-7.1305637,-8.768955,-3.4372323,-5.6970544,-6.2009115,2.4763403,2.087583,-3.3992872,-1.6330878,13.04356,-5.714977,-0.48520675,-6.7424345,1.7104288,0.78100735,-4.565462,-3.1391716,-4.6469297,-7.8471518,6.795675,-2.8384447,-11.2092905,-1.5508115,-17.785692,1.7424964,-2.507143,2.717616,-7.3465543,1.7624639,-1.218187,-5.1061807,-5.5027366,-4.866932,-19.904871,2.563752,-1.4158634,4.468812,-0.6435973,-7.4017715,0.81968147,4.1452847,-4.5219235,-15.043178,-9.371973,-5.0843287,5.6808033,-4.17656,-0.9080398,-5.087668,4.068319,-4.5839458,-15.276754,-4.320257
199,-3.9771376,-14.817701,-3.1662233,-7.7789116,-2.9011133,-7.5652046,3.7683396,-2.3401806,-2.6436577,-1.4186465,1.1756388,-6.030398,-11.252587,-7.4545684,-6.3787966,-5.5961084,0.10554502,2.3293457,-3.4463544,-4.724235,-3.6025174,1.0772823,3.6326783,-5.633362,-0.35713208,-11.947051,0.9404006,0.078505814,3.831581,-8.372242,1.7459073,-6.7278733,-6.156723,-3.7015524,-4.9316688,-14.44763,1.4873384,-0.3223165,7.5820727,-8.762447,-6.308781,3.6933186,0.31397387,-0.59482694,-20.807201,-11.1804695,-5.401509,4.468218,15.205392,-1.3411798,-6.746787,3.5166004,-3.8512108,5.969211,-5.022051
200,9.477074,3.2431483,2.235331,6.3804245,4.039346,1.1071407,0.84692097,8.346129,3.2574625,-2.4039984,6.3586535,0.045527037,1.6257762,1.1715986,2.8497226,3.7963798,-5.482472,3.189302,12.008396,-1.4431778,0.76241773,2.959076,-1.2913923,1.3412194,-1.9708096,-1.531539,3.960504,2.4476964,0.24131699,5.76399,1.5621997,2.1032863,5.8835425,5.228273,5.3006487,-2.6588936,8.319869,6.7845664,4.294439,4.3511915,6.00736,1.5229323,6.2057548,-1.0914015,2.4580975,4.517091,-3.3701115,-2.2461944,4.793722,3.4320982,1.9438502,6.4799166,-1.2342885,6.328345,-1.3414282
201,11.21221,-4.400445,4.3433704,8.254799,7.399807,5.190147,5.0207458,18.204905,18.01745,3.2574866,2.769654,6.1583767,3.8660307,3.0675142,1.856559,-0.54453635,-5.940982,5.9447465,9.340547,-1.7788798,-2.7025354,10.534807,0.00048105963,-2.1900365,1.36424,-3.9514441,8.874393,2.6229851,1.3250022,8.533715,3.852685,17.420479,12.058199,9.293047,7.392049,-10.102261,10.461319,9.8811,4.852907,19.781168,4.3091087,3.7411866,10.132206,0.25468162,19.969627,5.812929,4.0204096,-1.0876544,5.2372518,6.62605,5.1772075,12.5827675,3.651411,3.8298569,1.5828973
202,5.2620587,2.6947155,1.4306483,1.923543,1.5956341,1.6295384,3.765497,5.9725204,10.859874,-0.8606002,-1.1697592,4.3325357,1.3929787,2.8168564,-0.43495134,1.2789876,-5.719903,-2.1858468,-1.334805,-3.729025,-0.77808815,10.6816435,-5.3472786,1.1388252,-0.34066778,-6.192419,4.5992265,-7.0963254,-1.0197681,1.8348343,-0.22163512,13.865944,3.5772433,5.6798544,-0.41998327,-12.965979,3.4355447,3.7021623,0.08294536,10.878785,-0.7112616,0.036602877,-0.6434107,0.44953904,1.6039854,-4.540809,1.9806442,11.517846,-10.386054,-1.7441669,1.9012321,4.891731,-0.24272156,-5.70167,-7.1782413
203,0.9006576,-9.345471,6.981797,1.9385663,2.3778312,-1.0461261,0.85596055,7.873681,2.953434,4.0839834,-2.0360804,-1.4395094,-0.8521425,3.8687773,0.60778725,0.28762025,-2.2815022,-3.1934273,1.1966414,-6.7315497,6.1575575,4.544231,7.0371556,-2.79003,-1.2286668,-10.229481,-1.1690695,0.2687629,-0.74009436,0.7974742,-4.580124,-0.8650851,0.70454437,-1.5527221,-1.7091945,-9.019264,-3.778671,1.6009238,1.6219293,-4.4334164,3.793253,-1.0419573,-0.47725925,1.2385232,8.010712,-14.892174,1.8510844,2.6827192,-3.7446399,0.8409793,1.9999759,2.8653302,-4.0921574,-8.386363,-3.6022177
204,4.217746,-5.1028457,0.8319697,2.308104,3.9700832,-0.6922914,10.443859,6.123451,9.418428,6.832851,6.877168,-2.7802522,0.12866817,-0.19972584,-3.2817018,3.9833477,-7.5063996,-2.4064488,-1.4278768,-1.4274414,-0.9278409,0.3189194,6.42381,-3.6307592,1.7854699,-12.917211,1.6275156,13.760559,-0.63862073,3.1564128,4.022066,2.9740555,0.09991728,3.6818008,1.1962649,-4.271799,1.883337,2.5817907,8.65108,14.408213,5.13918,4.9581995,4.4117656,0.64126825,-6.5280266,-5.887953,3.1268687,-0.22974034,-8.939949,-2.6183953,2.9382706,4.010655,4.7224717,-10.957853,3.8583329
205,3.7725184,-1.1573654,4.6240706,3.4401102,6.8485227,0.69233435,5.118458,11.2713375,11.866813,4.1038604,8.761111,5.7840014,2.829118,1.9634035,1.2057923,2.182207,4.62439,2.6397085,-3.71986,9.099208,8.417785,-0.8437554,13.216302,-1.8142018,2.7839513,-2.7020519,8.072146,10.817787,-1.4299694,7.6972313,-5.7490964,15.623098,6.154801,6.3984394,9.660973,-0.9481274,5.681112,1.9160582,7.828498,3.433027,9.712731,5.8646555,5.2603903,0.7901609,19.02047,10.033848,2.9431436,6.6568437,8.827501,6.82483,9.621447,2.4132905,4.6649523,6.8679323,5.501812
206,-2.4247448,-14.393731,5.379285,-1.9531137,-0.8267774,1.0284113,7.146056,5.79157,16.49857,5.7533617,2.410091,0.73606896,4.5532374,5.722778,-4.5938334,8.109575,-2.672819,2.436979,2.739934,2.4634523,6.539047,-0.9990845,-2.143363,-1.8040366,7.5242915,-7.3948455,0.4825143,-1.6868414,2.2398524,-0.66127557,-0.25660533,3.7228186,0.939996,3.436195,2.0432363,-8.057835,1.8895547,3.878978,5.9172664,-1.3371732,1.6189551,4.225831,3.095335,3.3771589,9.38769,0.74000007,1.7639261,3.4416,-11.108651,9.742767,2.74335,5.250067,3.2320867,-8.189556,-4.013734
207,-7.766668,-5.3484097,2.017522,-2.9739325,-0.538097,0.81207573,1.9196255,-1.3488115,1.5752965,1.8779069,2.784791,5.4917593,-3.0731242,-0.8316729,-5.054212,1.1699528,1.2099496,-1.3260304,10.12921,3.0169923,7.2449446,1.9816633,2.0925095,-7.422673,-0.58886606,-6.5139174,2.0520928,5.712733,8.037605,-4.3490024,-3.514675,-5.781223,-2.3766248,0.024348618,4.0607204,-2.6818042,0.18713696,-3.0647602,9.152245,0.23411931,0.7604207,3.2253475,-4.685711,-0.87899584,-6.855296,-1.0702736,-5.099006,6.243929,2.9068058,0.25289717,-0.12246178,2.1813676,0.488091,-5.380719,-2.9195042
208,-3.5405474,-2.4855773,4.745487,0.059610922,3.8087387,0.44315898,3.3617303,2.7279944,12.416269,7.95224,2.642101,6.8019023,2.436349,1.5171708,-0.6670675,-2.4843757,10.860169,-0.50746906,-3.773802,4.5266542,0.3624681,-7.0661416,3.5062284,2.17352,5.8376093,-11.778198,6.8277397,-2.898547,2.2284806,-2.045499,5.230323,-2.8798566,-3.3232608,0.6190945,3.3621416,-2.5025969,1.2225089,2.2316937,2.2416816,0.4577077,7.2497087,0.91828424,1.1130717,6.7767467,-0.7565282,1.4150256,0.39991704,-3.6568298,-2.8770301,1.1256306,5.5090165,5.7785974,1.784569,-9.022069,0.51886076
209,-8.566127,3.6015475,-1.6210549,-1.801258,-3.506861,0.2946878,-5.4554815,3.1077375,10.258812,-1.1584641,2.742966,7.8782067,-1.7540437,0.32482705,-2.277542,-0.34344414,4.4089108,5.4014764,1.9310683,-4.008749,2.8634534,-20.84571,4.2981863,-0.10001084,1.5936544,-6.9035664,-2.4647484,-3.6916778,-7.986449,-0.44818023,-1.7640611,-3.5022373,-0.49886602,-1.6846883,3.623908,0.015643548,1.2928027,4.13185,-0.6658883,-0.46524194,6.613257,0.6267139,0.7391053,5.2665076,-3.7869587,3.471498,-2.2208078,-8.705696,8.866973,4.4162946,1.0207293,5.616584,2.3142006,-9.4976425,-0.72910434
210,-10.131186,-1.6278567,-2.8723748,-3.608425,-1.5566144,-3.4217129,-2.3729057,-1.6428188,0.37341008,2.7156436,-3.8835099,-1.3403832,-3.4585776,-0.119452275,-6.39584,-2.5382814,1.4368516,1.2754495,-4.5798163,-7.264458,-3.6887646,-2.258832,0.1029211,-5.1344266,1.0768163,-15.639367,-1.6324072,7.02473,-8.523913,-5.365965,-2.9749093,-4.96194,-3.2580407,-6.0170336,-3.1316028,-12.290772,-7.2806816,-1.3138813,3.8945506,-8.64566,-5.302901,0.40214244,-1.2628678,1.4645665,-5.592779,0.5998438,-0.44459426,-7.7304225,8.1158495,-5.0086946,2.9062562,0.17047176,-6.0591474,-2.0755668,-2.6897345
211,-14.285388,-0.9558502,-5.679035,-4.089555,-3.031978,0.09629856,-0.0107814,-1.3154755,-0.111975126,1.2197331,-5.6982822,-13.046484,1.9840668,9.073806,3.6885695,-2.0864787,-13.808422,-1.0549959,4.4727035,-7.915262,-3.0728698,-4.6713915,0.40449485,1.5666331,3.5408285,-8.260712,-2.6889958,-8.23973,-8.53854,-0.876537,-4.746381,-3.6988862,-4.2615824,-6.0300846,-4.3881226,-5.81806,-8.030968,1.0234557,-3.379884,0.3002535,-4.236614,0.8156705,-7.1554537,-1.6308141,19.748703,0.8609051,2.0775347,-1.6944181,2.641036,-9.163598,4.4362235,-4.916567,-7.077926,-15.317865,-2.6665292
212,-8.6833105,-0.25949097,-1.8087459,-5.451247,-4.8270907,-2.1814044,0.89819705,-4.7143865,-2.9644358,-1.6154608,-0.51796305,-4.4991336,0.8313168,2.0025337,4.919467,0.5017543,5.7598324,-4.1017733,-7.730624,-0.21325205,-6.1161,1.8903629,-1.5567347,-2.7989695,0.3162288,3.6430087,-3.1093023,-7.6064987,-1.5103472,-5.6712465,-3.5791013,-8.011564,-2.1565986,-1.9617057,-0.35499114,-3.8570044,-3.04079,-1.7409637,0.26989645,-3.0828571,-4.6827135,2.402632,-2.788693,-1.6384685,-3.838067,-4.728737,3.5605714,1.835307,-9.8023,-5.220544,2.1756632,-0.5715258,-1.8937484,-0.19602187,1.148263
213,-3.989615,3.596538,1.7496232,-2.53928,2.2321725,1.975083,-2.7863705,-1.8408741,0.72322994,0.23212214,2.6770685,-11.903529,1.2487004,4.7168303,4.5512094,6.958398,0.9260901,0.7051604,4.335657,1.0942373,2.2833767,4.926342,-2.7915282,3.3822472,3.0797822,14.834082,-2.7603028,-6.3918777,6.3088303,2.1046803,18.13492,4.0087748,0.59678155,2.750898,2.6776142,14.801557,-2.6217055,-0.7222189,5.856005,-1.4987749,-3.9783936,6.670104,0.5395095,1.4583046,3.389043,6.7918367,0.5907166,5.199117,-9.3865795,1.9002937,6.3993964,-6.444722,2.6608694,4.87929,-0.7229322
214,-3.388472,3.2307522,-0.23486848,-0.71957976,-1.596098,0.47760987,-1.0561132,-2.3457377,0.38107386,-0.6611399,1.6575927,-6.1153297,2.9575152,-0.833143,-1.7715127,-0.043929335,0.4109532,0.36360922,8.276786,-1.1225973,2.7107327,-0.7250576,-3.9842396,3.0703177,4.2208953,11.094482,-0.6458954,1.541265,-0.5679859,-2.5477257,2.383023,-3.8185573,-2.2353883,1.8207196,1.1204708,4.9880056,-2.746718,-3.9227006,2.182151,-7.1118183,-3.3350213,1.5712663,-2.5789528,1.5964247,-5.579616,6.6994343,-3.0945542,5.5357943,9.019102,-0.27777123,4.6868014,-8.576041,-1.3847119,0.005206837,-2.020056
215,-0.27586475,9.474087,-4.596836,3.8457515,1.093069,1.2947835,-1.2815882,-5.3303127,-1.4116737,1.6638576,2.5137851,-12.341215,0.074726745,-0.9252961,1.5580993,1.533085,-5.0884147,1.6899682,-6.4821286,-5.2991414,0.103440575,-10.696698,7.85893,1.3586055,3.2613597,12.563098,-0.07887049,-5.3908315,-5.024818,0.9016905,3.1154978,-7.6362534,-1.8575263,-0.9937783,1.637417,4.7606654,0.15648477,-3.8760805,1.3836515,1.4212052,-4.172125,5.3990965,8.583891,2.5260258,-6.6080885,7.1223135,-0.9457371,-3.9474568,-0.7545844,-6.2609353,0.7434203,-4.37376,-1.4781756,-0.7379299,5.6090484
216,2.8617587,8.697959,1.4981685,4.2308016,0.5301211,4.111163,4.911156,-2.19433,4.849994,4.3218412,3.2323172,-5.159068,5.509907,-0.7754741,0.94167477,1.1608106,8.695394,2.117994,8.122083,1.8618146,0.9465139,1.0368981,-1.8178773,3.1303513,-2.7309754,5.273799,5.2952538,3.5768168,4.236742,3.7126448,6.207352,0.22402863,3.3642843,6.6687956,6.959252,13.99022,3.5900688,0.3354345,2.3915129,2.1214316,7.576404,3.112077,1.3637472,1.5500499,8.166931,5.964975,-0.23113216,-4.3494077,-3.3343632,-0.0025893415,3.6854517,4.269786,2.159175,12.008015,4.8919497
217,1.1528234,1.683549,5.3531213,3.292878,2.6128144,4.4428654,-2.566885,-1.7282101,3.8230822,5.176375,-0.55607086,4.727946,8.4247465,2.841201,1.664111,7.151413,0.55407333,-1.3238072,-4.4997234,4.022622,-7.0359406,7.635839,-9.013858,3.5582452,7.401085,-0.948123,3.458138,-4.010474,2.9199457,2.3419676,-4.9377766,1.0992026,2.6297042,1.408052,4.6370997,4.9790783,2.5560706,4.280011,0.46442184,6.9527025,7.727897,-2.3558095,1.0151039,2.5409548,-1.1633618,6.43994,-0.97805965,0.119707875,-10.386293,8.165184,1.7930952,3.724361,6.1811447,-7.9468513,-0.41707554
218,-1.2663112,4.36071,3.921741,2.0790846,2.193293,2.2371914,-0.8330929,1.4676194,-7.44656,-5.214043,-4.494857,6.629005,2.996767,5.7553453,4.0279417,-5.887923,-4.456215,-1.9621166,2.2658103,-3.7969685,0.88865376,-1.2297869,-3.8128066,-2.6639848,-2.3616226,1.9377232,-2.3648245,-4.1146626,-3.0002596,-1.2147872,-5.289676,-8.739905,-0.23614393,-2.5053067,0.056902684,6.461504,-3.014475,-0.8087082,-6.962084,7.6997786,1.652166,-1.866107,-0.11063252,1.1322757,-20.15486,-7.166992,0.002323297,-4.610142,12.088539,-3.4212165,-2.3549218,-1.6138759,-3.610825,-10.264044,-5.6771693
219,-2.1303084,9.606571,3.3761976,-0.5055663,-3.834662,-2.903808,-5.1188235,-4.268118,-7.4752083,-1.6363004,-5.152767,-3.9973252,-1.185836,-5.9168863,-0.62357885,-0.7853928,-6.8107486,-0.48413306,-3.3915386,0.08690742,-0.2211675,-6.3793416,-0.008499283,3.7974331,-0.9103035,-2.9395022,-5.3047347,0.4006822,-6.968262,0.645082,3.69833,-3.2866771,-5.4027805,-4.5991535,-4.8596225,-1.8952101,-5.6678796,-4.0666995,-4.4956517,-9.241473,-6.190306,0.49338534,-2.7345552,1.8293477,-18.990654,-2.077684,1.6156164,-3.953031,-3.6052008,-2.2184415,-2.3637452,-4.8726983,-2.4773371,4.1886363,3.3057134
220,4.8708243,5.545497,5.1276207,-0.72078365,-3.180934,0.22736576,2.56657,0.38860792,4.1334224,-5.302675,-3.0060015,2.1123607,-2.7882118,1.1999907,4.0820813,1.7882047,0.3620137,1.4975666,1.5643067,5.0645905,5.190385,5.5474277,-1.9255825,-0.6977057,-0.70597774,1.8461801,-8.615552,-5.574461,3.7719343,1.2443036,-5.3396063,1.8881215,2.4827533,1.5227542,-2.6370914,3.9004164,3.992435,0.59247285,-0.98278046,-0.7683204,3.865047,2.4038088,-7.3569055,-2.0385466,12.89704,-0.6981564,0.29213372,-5.337504,-5.102391,-3.1033857,1.810357,-1.4010508,-3.1861024,-5.0109205,4.17816
221,5.399642,2.2787414,4.6834393,1.3926992,1.9747882,-0.163125,-4.5201674,-0.082548924,-0.52831036,-2.8545222,0.5136322,-2.8853247,-3.9202712,-3.0997798,-0.3010672,1.8920116,5.929847,-1.1881069,8.174326,6.7799425,5.956807,5.271491,-10.315195,-1.381051,-1.2786511,-1.7314967,-2.5605807,-1.7347552,-2.3595114,1.9742154,4.1825023,2.9074843,0.42405647,1.5611699,-3.010992,-3.8805661,1.491045,-0.65936184,1.0177071,1.9816315,-3.3963764,0.9277008,-3.2561123,-1.4463646,-4.0370555,-5.215411,0.24554005,-1.0463208,-21.670057,-0.3831105,-3.2909813,-1.6880584,-1.5512073,-11.165699,0.28501937
222,8.136602,3.4913385,0.20223407,3.306155,0.005998186,1.3073651,-2.6745093,-1.9591163,0.69310755,-8.201439,-1.2363762,6.234471,-1.0736444,0.89399606,-0.63583684,-0.40407956,3.8804145,-3.5035732,-5.165068,0.77222353,-1.1677617,-9.67451,3.910368,0.6028882,-0.7135886,13.490637,-3.5406747,0.29252812,-4.0781145,3.259894,-1.0776504,-1.1848052,3.5633082,-0.61394507,-1.921344,8.551313,-0.37230772,1.5423105,-5.4347143,2.0327892,0.43486896,-1.7665169,-5.105463,-2.151161,-1.1222552,2.8543053,0.59528047,-4.3420753,1.848825,2.6228926,-4.1430063,-3.4714577,-1.7843049,15.003871,0.17287958
223,7.7000036,2.755859,-2.3968525,1.1196105,-1.9652991,1.5951254,3.8365862,-0.009294761,0.562183,-5.1814265,-1.6552371,-5.0856867,1.8102244,1.0286417,-1.2211875,2.855253,-3.337551,-5.1914706,-7.715126,2.5345712,-1.3457451,-3.0784514,-5.353404,-2.6031806,-6.5040016,0.2935413,-2.4325943,-2.5233164,-0.3988021,4.3210077,-4.1881437,7.6340566,7.0284834,1.1464814,-3.6471138,3.0903184,-6.474273,0.35338682,-3.9768875,-7.9372787,-0.06450818,-1.5371157,-2.247723,-4.3154244,2.6696677,3.9217758,-3.925853,-4.4652905,-5.0876718,-1.59354,-1.1324397,0.37759498,1.2297088,16.824183,6.1196156
224,7.3417864,-9.348253,-5.203153,1.0915403,-2.349222,-2.0382023,-5.52112,-0.6160002,1.6819429,-9.163337,-0.37413475,-3.9613566,-0.27433664,-3.9725525,-3.9197922,-4.645015,5.753269,-0.6288529,3.189006,1.8538626,-2.3367136,0.18015182,1.0075727,0.40084657,-3.5949032,7.7272687,0.8343498,-4.0924516,4.342043,1.813677,-6.87632,9.721533,1.5405338,1.263129,-1.760051,0.31184095,-1.644974,-2.866348,-0.29838482,-0.5822094,-5.154827,-11.416192,-2.478859,-5.411758,3.4258206,-0.05496744,-0.9407983,7.570613,-11.2135725,-4.018496,-3.734151,-4.3001304,-1.4570858,-3.5454607,-0.7305502
225,10.195585,12.202379,3.465713,10.022951,4.0461755,6.8594847,-3.2014658,4.129547,-3.0091214,2.4958317,-0.8849902,8.1043625,1.2928646,2.7972927,2.9498477,1.5504956,-1.6774155,6.82058,7.345945,4.590482,4.951073,4.8706803,4.0446515,1.674991,-0.7208078,4.7339687,6.9499264,-0.19030343,-0.79768056,4.712001,-6.526201,-0.8110537,6.648956,7.7760906,0.32986003,8.972063,2.9716365,-0.69753325,-5.5311484,-3.1244895,5.1916366,0.25425175,-2.543241,0.4841383,0.8777955,9.668347,-0.3693711,4.0966225,-7.8054996,-1.6429513,-0.06673979,-5.6418924,0.5654977,4.8908215,-2.3986266
226,6.6491218,0.535368,3.0614693,5.3631153,1.5606668,0.43892008,4.2187247,3.095702,-1.0543376,1.9447993,-4.440579,-4.315625,-2.8326008,-1.9300914,0.8862737,1.4165813,-1.6828918,-1.4550879,0.68355453,3.0075822,1.9906456,-9.71871,-2.2042687,2.6013665,-0.8311723,2.805535,-2.152534,0.44155386,-5.7273474,5.575088,-10.051103,1.6084146,2.6026328,0.30537155,-2.466811,-13.922997,2.8821628,-1.0698828,-6.2472143,-1.4617394,-0.19154727,-1.4053106,4.7588806,-1.6368765,-13.48943,6.295552,6.270956,-8.783003,-4.284527,-0.6400897,-3.2012389,0.99099797,-0.2565288,4.1135445,0.118684255
227,1.2675341,15.909826,-2.9349005,2.3486059,-3.379955,-2.7988956,-2.9440696,-0.63689554,-7.832035,-1.7307135,-4.8261085,-5.4854016,-3.425936,1.3647159,-0.6720806,5.6754193,-8.873002,-3.7551827,-13.971227,7.9707117,-2.0394182,-13.686111,3.5291386,3.13078,-13.157328,12.438957,-6.466749,-7.083199,4.589607,0.78809935,4.7091784,1.8083413,3.9100409,-0.29612467,-1.7698392,2.48004,-2.865832,-1.7531571,-5.0213194,-0.69815934,7.5140967,0.39670765,5.213262,-0.7261971,11.354406,5.6957436,-2.5996401,-0.80954456,-13.126872,4.999525,0.22495253,-1.7298836,2.6715457,-6.1287327,0.04587204
228,0.7319579,0.016800161,1.2824278,-0.5854507,-0.8789723,-0.842924,-5.1284266,-7.3031173,-12.362743,3.0198257,0.7226867,-12.804362,3.1257582,-0.8605059,-2.3634841,4.7253475,-4.67952,0.12421974,2.1279323,-2.5396888,3.732917,-3.138161,0.6556285,-2.296217,-2.351784,16.85267,-4.21433,-6.6037054,1.3470694,-2.5699966,-0.741002,0.5274436,-1.93659,-3.0534878,3.439508,7.8565636,-3.148006,-0.8454,3.5691845,-6.894024,-2.8573432,-1.9457128,2.4261835,0.39099818,6.0504704,-6.070986,3.608862,11.75578,10.153402,1.9708433,-4.185899,0.043509964,-2.653117,15.962973,1.1566646
229,-2.9192991,-7.3431315,-8.482515,-4.9311476,-1.2815075,-0.72232836,-6.5740056,-3.7279465,-13.246165,-4.930729,1.4333845,4.301418,-3.293004,-5.0043907,-3.98672,-3.037201,-4.0407887,0.21534422,-4.0774465,-12.894229,-10.716496,-0.8013258,4.841991,3.5642862,-2.0439765,4.7892675,0.555571,1.8562936,-0.2897059,-2.0637453,0.90415955,-3.0036457,-3.4217267,-3.2838511,-2.03348,-0.06886593,-5.976952,-2.4604871,-1.7515662,1.0391977,-6.821808,-9.00813,1.1583768,-5.3303223,1.233759,0.3911794,-1.3837032,-5.4569626,-1.7761585,-2.972429,-3.6766427,0.5371525,-2.470646,-4.3496737,-1.226559
230,-4.3870683,-5.7340627,-8.446238,-2.8563366,-3.7821913,1.6622512,3.2801118,-5.264071,-10.46958,2.3522856,-0.2782663,22.376091,0.501217,-1.790822,0.783148,-3.7113469,-0.32820678,-0.07612619,-5.4107747,0.013889003,-6.7196527,3.2340703,4.48449,1.3813639,3.1038847,-11.204346,5.072644,2.901511,-2.1103208,-2.2684367,2.669946,-5.595851,-1.2650609,-4.6817017,-0.937186,-4.260493,-5.7301764,-0.44655198,-5.2837496,-0.35698882,-7.2046566,-4.5638456,2.012017,0.43716103,4.9260645,3.1121976,-3.3824217,-5.5161333,12.964367,-2.793173,-0.5977289,-0.5016411,-0.366903,15.01547,0.8251029
231,-2.818244,7.886187,-7.1354866,0.5775803,-0.85133344,1.3331265,-2.1224835,-4.094145,-11.478264,-3.2860053,-3.5121322,16.996077,0.74995065,-1.3785659,1.6717721,-6.653169,3.9204435,1.9646184,-4.2865777,-0.28654453,-9.134794,2.6723287,-5.99427,3.7576993,0.3727814,-8.559238,3.3456433,5.188527,-1.1307596,0.27100736,3.1196268,5.374492,-0.07879008,2.0242608,1.4637976,5.2820144,-2.2900846,-0.59831643,-10.428372,3.0220232,2.3551223,0.20794572,3.705875,0.048638772,1.7025127,1.5147283,-1.0998613,9.2557125,0.98240876,3.5648062,1.925952,2.4317632,7.7719884,13.605104,1.6300724
232,1.1556365,-16.793165,0.09918978,-0.7737929,1.595494,-1.8916423,2.610878,-2.4965787,-2.604288,0.35689443,-0.12194863,2.974107,-1.4552354,0.51076376,3.4220076,-4.217613,9.187015,3.213222,2.787979,4.9956694,2.7263784,7.2400484,-7.619965,-2.4680724,-2.3674529,-8.960219,3.3044233,-2.9345996,2.2195804,-2.2594714,-6.239936,-2.297384,-1.5643734,-2.1181107,-1.551759,-0.88285065,3.571765,-0.98078775,-3.786499,2.3107862,1.4191248,-0.2505372,-2.0153818,1.1354288,-0.4238991,-3.857211,0.61937433,0.5943658,-8.937061,0.30648917,-1.2172519,2.392415,2.5299263,-13.716239,3.7412362
233,1.3973193,0.021425426,3.3443794,-0.27240512,-1.5639035,-5.140396,3.7372167,-0.9273749,-3.3002164,-2.199199,-0.9961683,-14.450289,1.2804141,-1.0764241,7.599886,-0.9792097,5.299831,-1.7319022,0.37187824,4.066358,3.4259653,4.0274467,2.9697785,1.3318187,0.7890074,2.5582924,-1.5537298,4.801868,-1.441923,-0.7743403,4.762454,3.6064777,-2.5141912,-1.846285,-1.5369709,6.0465336,2.4665456,-1.0169345,-1.9655496,-3.1650755,-1.5228475,1.4103456,0.09452448,1.7106763,0.81515485,-3.046492,6.367917,-4.27522,6.5078845,-0.84080136,-0.2637235,-0.36651158,-2.0539513,1.2940152,0.23261862
234,0.6968199,4.278279,3.238321,0.00092230504,2.579841,1.4971702,0.9326144,-0.87379366,1.3004078,-1.7525418,-0.31952718,-7.066868,2.849214,0.65431416,-2.5067844,-1.0298963,-0.7281839,-0.98888254,-2.14322,1.8259951,9.030571,-0.7098853,-6.323357,-0.8842112,1.4550606,5.792935,-3.5639448,-3.7616892,0.9727033,-0.7956588,-8.017623,4.108987,-1.0551472,-3.0750608,0.7177215,4.772934,-1.2691385,-3.638614,-0.84781015,-8.487617,0.57541096,0.41312712,-4.4573507,1.2196553,-11.190546,2.0270858,2.1095645,-0.86062926,4.6487875,3.7636704,-0.55734044,-4.336577,-3.4654129,2.1232402,2.3972898
235,-3.5992053,-8.966522,3.6030235,-5.5138345,-1.6555743,-4.712631,-1.3417381,-2.7021272,6.359618,3.0663073,-1.9740313,-9.509008,-5.2379966,-5.5898356,-6.7552147,-6.478377,6.6289964,-0.6625835,-6.6631217,-0.8006846,5.3040953,-4.004023,0.5344187,-8.099656,0.3085085,1.982342,-6.6638174,3.8710318,1.2773838,-2.8174338,0.19983923,-0.9783389,-3.2176402,-0.68448323,-0.3451555,-6.7576847,1.2236319,2.8475852,9.453137,-6.3168635,-5.4912834,3.4386272,-0.5567976,1.5579884,-2.0359838,-3.4697306,3.3355353,3.0763762,0.43809715,2.177091,-0.37075868,1.0114243,-0.7222622,-10.108837,10.071616
236,-3.4691622,3.7468421,-1.698897,-6.4145784,-5.8940225,-6.207905,4.106093,-3.0764377,4.569723,0.22727135,-1.4379075,-8.0242,-1.8624902,1.0992244,-6.2272024,-1.0923111,5.930894,0.80026454,1.1505028,5.7788157,8.971133,-1.1025823,-10.306209,-6.362284,3.2386281,-7.740855,0.85609406,-0.7222236,7.44963,-2.707167,-1.0757644,-5.074642,-4.3803444,-1.1304196,-4.16373,1.647741,5.7974496,-2.8925471,5.9404373,-9.840082,-1.8706307,-0.46190098,4.109904,0.9907821,6.0790353,-0.3917527,0.3557273,12.000562,-6.290088,0.44270363,-4.8388824,-3.0200214,-2.182453,-2.7975223,3.93281
237,0.5319047,0.7284736,-0.5704645,-2.3689437,-2.613507,-4.4481444,-0.7681009,1.0301412,11.616022,-0.07039624,5.8237896,-8.429516,-3.8192952,-2.0685608,-3.785245,2.1821814,-2.5063636,2.2546546,2.9746358,4.634217,8.223703,-7.273369,1.5897057,-1.4902807,-5.9845266,5.0423183,-0.62358445,-7.0905557,2.4566028,-1.0300633,-5.4749603,2.533938,-2.2105772,0.93219537,-0.77785647,-1.3435106,8.902859,4.040386,5.406647,1.4688516,10.263332,-2.4067905,-0.92168957,1.0892115,15.712621,-1.5020792,0.41140348,0.52022916,-8.802566,-0.58410996,1.0382032,3.406874,4.85134,-7.745936,-1.3203962
238,1.8925443,-4.833743,2.4616666,-2.7072964,2.532325,-6.694206,3.709756,5.6313157,16.181362,11.250136,6.32956,-0.48124102,-5.2881117,-2.949134,-2.28877,-4.814417,10.316698,1.7664033,5.334081,6.842532,12.856492,-0.03114027,7.2317224,-5.8694596,-7.222263,-12.039612,-5.1100755,3.8631754,1.5837471,-3.174679,3.207193,4.8727007,-4.417043,-1.8088144,-0.7026109,-1.5837207,5.9738846,1.8118969,8.014785,2.0994587,0.12396964,-3.9070194,-4.282832,0.8600117,0.05063491,1.3059027,-1.8356339,-8.074245,-0.5047473,3.0843534,-1.5570264,4.3582454,4.166017,-7.9591565,1.4657516
239,0.3945685,-7.486545,1.5035943,0.64736575,-0.48107234,-4.962561,10.8895,0.56366116,9.131438,5.607815,4.665251,-4.072983,-8.3210745,-0.57663006,-1.3024149,-3.0688818,5.3671117,-1.2028767,-4.884196,7.040639,9.153489,6.0619745,-3.794774,-4.01767,5.5445104,-14.50443,2.5358884,7.8973494,1.0516315,-4.2199674,2.1831768,-3.8443456,-1.4243687,0.30190963,-5.0454426,-8.987222,1.0439634,-0.28610477,5.7855387,-13.746661,-6.7946877,2.6528308,-1.0419135,-2.1857693,-6.989548,-3.6352093,-0.20834328,6.931402,8.126612,-9.515017,-1.7624862,-5.447086,-4.703114,-16.457602,-2.8526273
