ROI_Number	ROI_Name	X	Y	Z
1	R_V1_ROI	9.9533	-85.3348	2.0530
2	R_MST_ROI	41.6789	-67.6364	7.3431
3	R_V6_ROI	15.0621	-79.2966	30.8595
4	R_V2_ROI	9.8782	-81.9725	5.0828
5	R_V3_ROI	16.1825	-86.3886	7.3165
6	R_V4_ROI	28.3409	-87.5787	-0.6556
7	R_V8_ROI	30.8631	-76.5927	-13.1990
8	R_4_ROI	28.3587	-19.9709	55.2780
9	R_3b_ROI	38.4526	-23.1498	53.9466
10	R_FEF_ROI	41.0390	-5.7400	51.4477
11	R_PEF_ROI	49.1892	-0.3264	39.6298
12	R_55b_ROI	49.1112	-0.9428	50.0510
13	R_V3A_ROI	16.9765	-90.5717	27.5952
14	R_RSC_ROI	5.9264	-37.9773	19.8773
15	R_POS2_ROI	9.7603	-73.2123	39.0350
16	R_V7_ROI	25.0062	-85.0395	30.2679
18	R_FFC_ROI	42.5257	-61.4480	-18.5661
19	R_V3B_ROI	27.2148	-81.7286	18.1186
21	R_LO2_ROI	43.4308	-86.6462	-4.0760
22	R_PIT_ROI	39.6054	-85.0668	-14.3278
23	R_MT_ROI	45.0460	-73.0725	8.6430
24	R_A1_ROI	43.9065	-24.3779	11.8859
25	R_PSL_ROI	58.8092	-45.5275	24.3279
26	R_SFL_ROI	8.8930	16.3899	63.8250
27	R_PCV_ROI	6.3885	-51.6781	50.3893
28	R_STV_ROI	62.4423	-49.9272	16.7012
29	R_7Pm_ROI	5.5320	-68.6136	52.5770
30	R_7m_ROI	4.4687	-63.7744	37.1566
31	R_POS1_ROI	13.1022	-58.7821	15.2982
33	R_v23ab_ROI	3.9343	-58.8943	18.8166
34	R_d23ab_ROI	3.9808	-42.9753	30.8476
35	R_31pv_ROI	10.8217	-46.6976	32.0448
36	R_5m_ROI	6.8048	-41.1234	62.6717
37	R_5mv_ROI	14.3316	-36.7042	49.7644
38	R_23c_ROI	12.1113	-31.2122	42.7315
39	R_5L_ROI	14.9920	-46.6226	72.1764
40	R_24dd_ROI	7.3160	-16.8512	50.5527
41	R_24dv_ROI	9.5987	-2.6667	45.2144
42	R_7AL_ROI	21.4495	-51.8370	67.5887
43	R_SCEF_ROI	6.8279	3.3820	58.3305
44	R_6ma_ROI	19.1314	3.2253	68.3376
45	R_7Am_ROI	8.6540	-58.9801	62.7860
46	R_7PL_ROI	14.4304	-72.7899	57.4521
49	R_VIP_ROI	23.7314	-64.5953	63.8287
51	R_1_ROI	45.9425	-26.4979	57.6611
52	R_2_ROI	37.7070	-34.3357	53.5643
53	R_3a_ROI	35.1935	-21.0079	43.2054
54	R_6d_ROI	35.0522	-13.8309	66.7085
55	R_6mp_ROI	12.9015	-14.8369	70.8568
56	R_6v_ROI	59.7303	3.6037	32.5309
58	R_33pr_ROI	3.0806	9.5763	28.6374
59	R_a24pr_ROI	5.8835	16.7231	31.5066
61	R_a24_ROI	6.6897	41.6421	-3.4355
62	R_d32_ROI	8.8053	40.0488	25.6069
64	R_p32_ROI	11.8139	49.9428	-0.9927
65	R_10r_ROI	7.9251	52.0872	-8.2721
66	R_47m_ROI	36.9813	32.3493	-14.4840
67	R_8Av_ROI	39.0535	16.6876	51.9339
68	R_8Ad_ROI	24.4763	25.8082	43.6027
69	R_9m_ROI	7.0316	52.9591	25.4816
70	R_8BL_ROI	12.6245	35.2704	54.1588
71	R_9p_ROI	20.2928	44.9957	39.6105
72	R_10d_ROI	11.8743	65.1735	10.2165
73	R_8C_ROI	43.2199	13.0806	37.7906
74	R_44_ROI	54.2042	15.4282	12.7319
75	R_45_ROI	50.8881	25.7526	2.6154
76	R_47l_ROI	46.8798	29.8741	-10.2486
77	R_a47r_ROI	41.5772	47.8663	-11.3130
80	R_IFJp_ROI	41.4476	2.8056	29.6919
81	R_IFSp_ROI	50.2706	21.9183	22.1497
83	R_p9-46v_ROI	46.7006	28.4832	27.8645
84	R_46_ROI	38.8286	37.5203	31.1474
85	R_a9-46v_ROI	40.0233	51.1867	9.1077
86	R_9-46d_ROI	30.4221	45.9386	22.8693
87	R_9a_ROI	21.2143	55.6594	26.3857
88	R_10v_ROI	5.4125	53.3548	-17.2013
89	R_a10p_ROI	28.2686	58.4186	-4.7343
90	R_10pp_ROI	15.1454	61.7167	-14.4353
91	R_11l_ROI	27.1196	47.6722	-14.7170
92	R_13l_ROI	23.9275	29.4296	-19.4137
93	R_OFC_ROI	11.2065	32.0108	-24.1163
94	R_47s_ROI	34.2723	21.8076	-19.2541
95	R_LIPd_ROI	29.6365	-55.4010	43.6099
96	R_6a_ROI	25.7604	-3.8893	55.4885
97	R_i6-8_ROI	32.2371	5.4456	58.8888
98	R_s6-8_ROI	23.2238	21.8083	57.6119
99	R_43_ROI	57.9112	-0.5115	9.2196
100	R_OP4_ROI	60.6469	-13.4828	15.4956
101	R_OP1_ROI	48.7110	-22.1148	19.3093
102	R_OP2-3_ROI	41.0645	-16.4835	18.9593
103	R_52_ROI	39.3467	-20.3490	-0.8324
104	R_RI_ROI	40.3149	-34.5201	19.8496
105	R_PFcm_ROI	52.3177	-32.4606	21.3462
106	R_PoI2_ROI	39.9496	-1.8953	-0.9008
110	R_Pir_ROI	30.8986	6.0685	-17.9178
111	R_AVI_ROI	30.6705	24.9585	-2.6557
112	R_AAIC_ROI	33.2031	14.2981	-11.5161
113	R_FOP1_ROI	50.5725	1.6298	4.2824
114	R_FOP3_ROI	36.1939	2.3030	12.7552
115	R_FOP2_ROI	43.2428	-4.4360	14.3916
117	R_AIP_ROI	38.8379	-41.0973	43.9181
118	R_EC_ROI	22.6239	-11.8345	-30.5212
119	R_PreS_ROI	16.9192	-32.7469	-12.9857
121	R_ProS_ROI	22.3563	-56.4357	4.6851
122	R_PeEc_ROI	32.5588	-9.8164	-33.8579
123	R_STGa_ROI	52.2671	12.1070	-15.1457
124	R_PBelt_ROI	54.0706	-25.9680	8.8764
125	R_A5_ROI	64.1062	-15.0119	-1.3271
126	R_PHA1_ROI	23.7082	-36.8505	-15.2141
127	R_PHA3_ROI	31.7296	-38.9778	-16.8701
128	R_STSda_ROI	55.7990	-6.2793	-10.0409
129	R_STSdp_ROI	53.9194	-31.6814	0.8770
130	R_STSvp_ROI	55.7719	-34.1560	-3.9689
131	R_TGd_ROI	41.5417	10.9235	-33.6898
132	R_TE1a_ROI	61.3997	-7.2895	-20.9822
133	R_TE1p_ROI	62.1980	-45.8849	-11.0975
134	R_TE2a_ROI	57.3606	-23.5120	-27.9846
135	R_TF_ROI	43.6867	-24.3762	-27.7948
136	R_TE2p_ROI	48.4046	-44.1636	-19.2930
137	R_PHT_ROI	59.4438	-59.7741	0.2237
139	R_TPOJ1_ROI	54.3304	-45.7845	9.2996
140	R_TPOJ2_ROI	53.4886	-61.7703	12.3995
141	R_TPOJ3_ROI	43.4884	-71.7030	18.6689
142	R_DVT_ROI	19.2785	-73.1402	34.0238
143	R_PGp_ROI	38.5151	-84.3788	24.8774
144	R_IP2_ROI	39.4254	-50.9579	41.9790
146	R_IP0_ROI	31.0790	-77.3146	26.9466
147	R_PFop_ROI	63.4426	-23.2863	26.1464
149	R_PFm_ROI	50.4963	-57.4956	43.5726
151	R_PGs_ROI	41.5961	-74.7819	38.5093
152	R_V6A_ROI	21.8814	-86.0152	42.4386
153	R_VMV1_ROI	19.9836	-55.4622	-6.6213
154	R_VMV3_ROI	28.2965	-62.8698	-11.3742
155	R_PHA2_ROI	31.8720	-37.3079	-11.6448
156	R_V4t_ROI	48.5570	-79.1467	0.8519
157	R_FST_ROI	48.1547	-68.2922	2.1490
158	R_V3CD_ROI	36.4646	-88.0802	12.4944
159	R_LO3_ROI	46.5901	-80.2297	12.4882
160	R_VMV2_ROI	28.3065	-55.9025	-5.9153
161	R_31pd_ROI	10.0265	-53.0326	35.8836
162	R_31a_ROI	5.2442	-38.2748	42.8270
163	R_VVC_ROI	31.7499	-53.2179	-17.3399
164	R_25_ROI	5.5013	24.3861	-13.6831
165	R_s32_ROI	8.6206	35.6809	-14.1489
166	R_pOFC_ROI	14.3601	13.6553	-20.5745
167	R_PoI1_ROI	38.6192	-10.7899	-3.8789
168	R_Ig_ROI	36.1372	-14.9722	14.2595
169	R_FOP5_ROI	36.0331	26.8189	5.0041
170	R_p10p_ROI	25.1524	60.9985	5.1240
171	R_p47r_ROI	45.7503	42.9602	0.8350
172	R_TGv_ROI	40.7413	-2.2964	-44.3783
173	R_MBelt_ROI	45.4542	-16.6926	3.6045
174	R_LBelt_ROI	45.4069	-27.3835	8.4802
175	R_A4_ROI	64.0482	-22.6116	9.0786
176	R_STSva_ROI	52.2359	-9.8519	-15.6898
177	R_TE1m_ROI	64.9845	-26.7482	-14.7498
178	R_PI_ROI	44.6049	-2.9578	-14.5062
179	R_a32pr_ROI	9.6500	29.0187	28.5440
180	R_p24_ROI	5.7963	36.7433	15.4833
181	L_V1_ROI	-11.9193	-81.8523	4.1927
182	L_MST_ROI	-42.7908	-64.9359	4.1438
183	L_V6_ROI	-17.5192	-76.8970	31.2410
184	L_V2_ROI	-12.2690	-79.4466	6.2529
185	L_V3_ROI	-19.6156	-86.3528	8.2842
186	L_V4_ROI	-29.7493	-84.2578	-0.8536
187	L_V8_ROI	-29.9330	-73.3574	-12.8481
188	L_4_ROI	-27.6924	-17.8397	57.3667
190	L_FEF_ROI	-43.8339	-1.7487	51.6228
191	L_PEF_ROI	-46.1424	3.0967	36.4244
192	L_55b_ROI	-49.3700	2.1850	47.0116
193	L_V3A_ROI	-18.3168	-88.1823	31.8159
194	L_RSC_ROI	-5.7652	-36.7918	21.1765
195	L_POS2_ROI	-12.5711	-70.2859	39.6640
196	L_V7_ROI	-28.4044	-82.5011	33.7468
197	L_IPS1_ROI	-26.9109	-71.1152	39.4284
198	L_FFC_ROI	-40.3222	-54.3409	-19.4771
199	L_V3B_ROI	-29.5358	-76.0855	21.6143
200	L_LO1_ROI	-37.9124	-80.4520	4.0042
201	L_LO2_ROI	-44.4260	-84.4692	-1.2005
202	L_PIT_ROI	-41.8050	-81.0227	-12.5957
203	L_MT_ROI	-49.8939	-70.3908	7.7398
204	L_A1_ROI	-42.8761	-20.5375	10.5980
205	L_PSL_ROI	-63.4682	-36.0568	25.4446
206	L_SFL_ROI	-8.3416	13.5536	66.0065
207	L_PCV_ROI	-6.1912	-52.8240	52.1518
208	L_STV_ROI	-59.8073	-42.8094	18.5029
209	L_7Pm_ROI	-6.7087	-67.4484	54.4956
210	L_7m_ROI	-4.7571	-63.0738	36.9676
211	L_POS1_ROI	-13.7750	-56.5979	17.5796
213	L_v23ab_ROI	-4.6689	-55.1185	19.7213
215	L_31pv_ROI	-10.7329	-43.9753	33.8546
216	L_5m_ROI	-6.0307	-39.0390	65.4771
217	L_5mv_ROI	-13.0435	-39.1112	53.7836
218	L_23c_ROI	-11.4414	-32.8665	44.0487
219	L_5L_ROI	-14.0858	-45.4834	74.2462
221	L_24dv_ROI	-9.7367	-4.3780	46.1133
222	L_7AL_ROI	-22.2593	-50.5667	68.2514
223	L_SCEF_ROI	-6.8709	2.3831	59.1139
224	L_6ma_ROI	-19.0306	2.7706	67.5940
225	L_7Am_ROI	-10.2557	-58.7399	64.4215
226	L_7PL_ROI	-15.8109	-70.8091	59.6441
227	L_7PC_ROI	-35.2808	-47.4167	62.7484
228	L_LIPv_ROI	-27.8052	-55.6677	53.9057
229	L_VIP_ROI	-23.1466	-61.9218	64.4586
231	L_1_ROI	-46.2709	-22.0991	56.3584
232	L_2_ROI	-36.8773	-30.8578	52.7622
233	L_3a_ROI	-31.7214	-20.4365	47.0543
234	L_6d_ROI	-36.7588	-11.6462	64.4085
235	L_6mp_ROI	-16.8492	-12.1593	68.5463
236	L_6v_ROI	-59.1157	6.2818	30.4624
237	L_p24pr_ROI	-4.7199	-4.4130	40.3021
238	L_33pr_ROI	-3.8528	11.1255	27.9340
239	L_a24pr_ROI	-4.7096	17.2681	33.1111
240	L_p32pr_ROI	-10.3322	11.9043	40.4171
242	L_d32_ROI	-8.4295	37.7656	27.5008
243	L_8BM_ROI	-5.8745	27.1342	47.5903
245	L_10r_ROI	-6.9068	50.7790	-9.6360
246	L_47m_ROI	-33.3330	33.2459	-15.7919
247	L_8Av_ROI	-40.2204	18.3998	48.5247
250	L_8BL_ROI	-13.0966	37.7732	51.7110
251	L_9p_ROI	-19.8816	48.2771	35.5272
252	L_10d_ROI	-9.8160	66.4677	5.7036
253	L_8C_ROI	-39.6873	15.9551	35.2366
254	L_44_ROI	-52.9087	19.3121	10.2176
255	L_45_ROI	-50.2161	27.0031	2.3406
256	L_47l_ROI	-45.7326	32.9212	-13.3976
257	L_a47r_ROI	-38.6327	51.9846	-8.1098
259	L_IFJa_ROI	-44.7746	16.8520	25.0555
260	L_IFJp_ROI	-38.1688	7.6139	27.0301
261	L_IFSp_ROI	-48.9478	28.0793	19.0617
262	L_IFSa_ROI	-48.6120	37.3714	5.5590
263	L_p9-46v_ROI	-45.9783	31.2211	27.8011
264	L_46_ROI	-36.8055	38.6014	30.3527
265	L_a9-46v_ROI	-39.9653	51.3289	9.7597
268	L_10v_ROI	-4.1610	53.4930	-16.4032
269	L_a10p_ROI	-25.5576	61.0390	-8.0801
270	L_10pp_ROI	-13.5054	61.9024	-15.8372
271	L_11l_ROI	-25.5682	47.5373	-15.7059
272	L_13l_ROI	-21.5425	29.2677	-18.0286
273	L_OFC_ROI	-8.9456	34.1053	-24.2094
274	L_47s_ROI	-31.4119	22.9942	-19.3407
275	L_LIPd_ROI	-29.0968	-52.4140	43.0518
276	L_6a_ROI	-27.2644	-1.8318	53.2397
277	L_i6-8_ROI	-34.2748	8.6579	58.4564
278	L_s6-8_ROI	-21.4801	17.9644	59.6133
280	L_OP4_ROI	-57.8922	-11.9796	15.2058
281	L_OP1_ROI	-43.4825	-19.4263	19.4862
282	L_OP2-3_ROI	-38.7312	-13.1303	18.2418
283	L_52_ROI	-38.9449	-19.2629	0.4902
284	L_RI_ROI	-40.9447	-30.2890	18.9605
285	L_PFcm_ROI	-48.8161	-27.6722	22.3391
287	L_TA2_ROI	-50.9847	1.3972	-5.7532
288	L_FOP4_ROI	-38.2164	14.3164	7.7431
289	L_MI_ROI	-36.5664	12.0739	1.7920
290	L_Pir_ROI	-31.9045	7.7613	-18.9692
293	L_FOP1_ROI	-46.9946	3.8954	5.7342
294	L_FOP3_ROI	-34.3195	7.8538	11.5487
295	L_FOP2_ROI	-40.4672	-1.9459	15.2821
296	L_PFt_ROI	-55.5461	-21.6922	39.7861
298	L_EC_ROI	-20.5762	-12.4696	-29.4601
299	L_PreS_ROI	-16.8822	-32.8838	-11.3739
300	L_H_ROI	-26.4584	-20.7554	-18.1044
301	L_ProS_ROI	-21.6446	-49.5996	2.8839
303	L_STGa_ROI	-50.5918	14.7081	-17.7708
304	L_PBelt_ROI	-56.6871	-18.3664	8.1464
305	L_A5_ROI	-62.7584	-13.8245	-2.6484
306	L_PHA1_ROI	-22.6962	-34.8312	-16.0204
307	L_PHA3_ROI	-33.8725	-36.8926	-15.2170
308	L_STSda_ROI	-52.7237	-1.8973	-14.5579
309	L_STSdp_ROI	-49.6239	-26.9855	-1.7542
310	L_STSvp_ROI	-57.9554	-30.0172	-4.5355
311	L_TGd_ROI	-38.0562	13.7701	-35.2283
313	L_TE1p_ROI	-61.6163	-42.5730	-12.6511
314	L_TE2a_ROI	-55.2157	-17.0669	-30.4349
315	L_TF_ROI	-41.3212	-21.1224	-29.0177
316	L_TE2p_ROI	-48.0522	-39.2655	-20.5280
317	L_PHT_ROI	-59.6626	-55.3206	-3.7791
319	L_TPOJ1_ROI	-54.4878	-42.2103	10.1592
320	L_TPOJ2_ROI	-53.5254	-57.4707	7.8935
321	L_TPOJ3_ROI	-43.9612	-62.8741	16.3605
322	L_DVT_ROI	-21.2220	-68.6467	32.3607
323	L_PGp_ROI	-42.2559	-78.7833	26.4671
324	L_IP2_ROI	-42.5660	-43.8086	44.9499
325	L_IP1_ROI	-35.3336	-64.2346	45.4473
326	L_IP0_ROI	-33.8503	-72.1444	30.6018
327	L_PFop_ROI	-62.3103	-18.6095	25.7156
328	L_PF_ROI	-60.5391	-30.1702	37.1615
329	L_PFm_ROI	-53.2594	-47.5209	43.7008
331	L_PGs_ROI	-45.6286	-67.1188	42.7714
332	L_V6A_ROI	-23.3834	-82.6080	45.7997
333	L_VMV1_ROI	-18.4812	-55.3068	-7.5307
334	L_VMV3_ROI	-27.7515	-59.4961	-9.9159
335	L_PHA2_ROI	-30.7472	-34.6404	-13.3399
336	L_V4t_ROI	-49.9182	-75.7196	-1.0981
338	L_V3CD_ROI	-36.3403	-82.6663	14.4719
339	L_LO3_ROI	-44.9132	-76.2267	11.2780
340	L_VMV2_ROI	-27.2536	-54.5562	-6.0612
341	L_31pd_ROI	-10.6651	-52.4986	37.2907
342	L_31a_ROI	-6.2185	-40.9287	42.1591
343	L_VVC_ROI	-28.8198	-45.2030	-18.1696
344	L_25_ROI	-3.7796	22.5954	-13.1239
345	L_s32_ROI	-4.8068	35.7582	-14.1232
346	L_pOFC_ROI	-14.0598	13.8461	-19.3402
347	L_PoI1_ROI	-38.2702	-8.7188	-5.3889
348	L_Ig_ROI	-36.4915	-11.7906	12.8120
350	L_p10p_ROI	-24.8883	60.4174	4.6283
351	L_p47r_ROI	-45.7273	44.1549	-3.8908
352	L_TGv_ROI	-35.9736	-0.9464	-45.4792
353	L_MBelt_ROI	-45.7695	-15.3612	4.1740
354	L_LBelt_ROI	-47.3737	-24.2488	10.1916
355	L_A4_ROI	-64.2724	-15.4119	6.8341
356	L_STSva_ROI	-53.8683	-9.7950	-16.7499
357	L_TE1m_ROI	-64.7305	-22.9272	-15.6529
358	L_PI_ROI	-44.3442	-3.2788	-12.8894
359	L_a32pr_ROI	-10.8047	26.7647	30.6223
360	L_p24_ROI	-5.0904	36.5669	16.1922
