Timepoint,1,2,3,4,5,6,7,13,16,17,18,19,20,21,22,23,48,49,121,142,152,153,154,156,157,158,159,160,163,181,182,183,184,185,186,187,193,196,198,199,201,202,203,229,301,322,332,333,334,336,337,338,339,340,343
0,-7.885454487435672,3.875795544714344,-23.152985293038036,-4.852049330059363,0.7286233719514341,-1.5132506174624574,10.410546385036895,-5.467175608082694,5.774379850954426,-3.4332253099704277,10.155130450214658,6.239851100104196,-2.972875934474322,-0.7844304284270929,3.1181915587916667,0.17593845360133112,7.129538297653198,3.1485130421969356,2.0754836043533014,-2.1115742249756444,6.0417076026906775,-1.2489864470399157,-6.296466568294837,-1.043011411112182,-1.5400322043165868,2.111390694063537,9.617806040054681,-8.995091435860614,-7.583227877714196,-3.444820941558906,1.052843296102115,6.966740206644243,-0.7213894177456291,-6.734832475227969,-1.776805330295952,-1.1336398331486448,3.326025447371055,-7.456106468959122,-1.2497680150732702,0.7512746834462243,2.8055505040957005,3.618184144399604,2.3996172783022023,7.596723004263275,6.960345937281239,-9.342001609200118,2.7692698962530313,14.261437279837471,5.205311935509042,-3.0402254848455894,-0.580735335544664,0.7587369084358215,1.1734700580032504,-5.1879113825912375,-4.198583104172531
1,1.3363911095930605,-6.405294331969047,5.720947181996034,-2.312282664131145,7.212318245245486,-1.1931382161470092,-7.295152926931576,2.1466358012082627,-3.0407764327769375,1.498958828497906,-13.006987187327171,10.700917625609708,6.37119954216237,-0.8964587101826862,-5.233426066989801,-5.0191550631912385,-3.410416753924623,-1.0566688484075117,-24.449158765831772,-2.1872739603324813,0.37424816039143777,9.424656090991837,2.7936102711424535,0.9866437924151518,-0.27418254772011114,-1.4648554759974382,2.7599325046247367,-3.0599451709766776,-14.698463987331001,-9.005431666666148,1.1238525953828071,-10.119608047057172,-12.731531858444214,-12.250378966939692,-1.8255909176505343,9.370447753643504,2.031318963486321,-1.6842906379273959,-10.305076857002414,0.403438251693638,-3.1550919973120397,-3.954943064220098,0.19521905451404806,-2.5819112780142803,-12.711804048139221,-14.557849654129573,-6.534044461590903,19.47680639977358,-2.6616672435585333,-4.590140695474585,-3.923975399562291,-3.214896312173532,2.335654099376834,-9.756303121848982,-23.733077745048366
2,-7.039119005203247,0.7333941204207284,-21.628049746459844,-5.709215958811799,-7.798663081259144,-8.152879566562419,5.883693123654443,-5.894602298736572,-8.319322781903404,-4.8210989127353745,-8.092139628468727,-1.1617498872231464,-2.4331962122600905,-5.045696023775607,-6.765914930752953,-0.16308259127699598,4.435041573582863,-3.4604852268738404,-20.02222716929961,-0.6696734318927843,-1.9241430625623586,5.809256164395079,-18.644599902386567,-1.2805758945795955,1.5240844615868159,-5.900186373262989,-3.3019403413850434,-6.362361439636776,-14.444114745271449,-14.030398134066134,4.169783875954394,-22.282424402480224,-19.439322639484796,-10.448754289624642,-3.7882521480930094,3.2238178995190836,-8.100560619058658,-5.717207044971232,-3.450041402359398,-2.1505550115692373,0.17359333622212314,-10.620584376004278,-2.682017250689773,-2.892879792470105,-19.24051926817213,-14.554956698904233,-0.881305065082044,5.869162868480293,-3.813315588904887,-4.538134615032041,-6.816921922625328,-10.583074523478139,2.0038206322992944,-6.907326150305417,7.475197898794193
3,-7.695942912782941,0.8383639378815281,-5.712611082865267,-3.8009040395216065,1.630158702937924,-4.972111969578023,0.07811838753369389,-18.314392780771062,4.643719513197334,11.341693661650833,-4.0140401891299655,3.5310869825129605,-0.9183890752646388,-9.550121314291443,-6.316731677067523,5.482440997751391,7.354763607589566,-2.1679153637010224,-6.486215441810842,-18.2831839104088,0.9264453868476712,-8.795854642987251,-5.745232878899087,3.6709106333401738,3.1236569133340097,-11.654669955068705,5.436443540514732,2.8329339927556565,2.5856263150974197,-4.915608716254332,2.937793419677384,5.739713125082911,1.8654279505111733,-3.3499694186813977,2.8304165662551415,-17.561440074778332,-0.331291099592131,-6.152770102632289,-3.6340927350886014,-6.5759435058856495,-8.96891860329375,-7.578497166536292,3.027557109672652,0.8382908774881946,-16.288900130257314,-20.080608268173375,-7.687507826454786,-10.690650616373334,5.563374630954801,0.6921277648332168,0.1820721702308071,-3.7718093310083662,-4.288074429850189,-5.8270934844503595,-14.617114850452968
4,4.00559679342776,-5.697761010302573,5.6089800982450955,-3.0684904200690135,9.69131601769097,5.565707860343462,-2.6639290068830763,1.807137517296538,-3.1217991393439624,6.098173416390711,3.8104539969745947,15.623056511489713,-1.8281476205709029,-2.4521647709973005,0.12077815800297018,-5.629565024254274,-0.004051446838646519,-0.2967907968832522,-2.3728961658721066,-3.6784263192390907,1.7182678464724093,11.607103089897,-3.649447723310821,7.548389145002073,3.355414157011071,-2.6925761967289206,4.002623474111362,-1.1157799302315226,14.44130512798319,-7.82453101143545,2.9714314974084193,2.8902248801017296,-1.2108780233835688,0.1507107311365556,6.634206233432098,5.60074874332973,2.4955470902579173,8.519411639291413,3.579090187136008,-0.12786423186866605,2.5826637100200265,1.077295147338692,-3.9654802607030284,4.426752677377389,-6.767803017886317,-6.731811438288007,-4.132185691473436,-24.7877276795251,-1.567170579822696,6.257189112050193,6.746447220140574,-0.5507143614243488,16.517660408603902,5.089467938951388,-5.583294982812842
5,-8.329192021671606,2.8882154645968456,-3.9539149874935346,-2.379187474065289,-4.890251867625178,5.837421877651798,9.170085833997142,-10.223709597575422,0.3516824817170902,13.151253394934596,19.03295114332316,8.106326121760874,-1.4033201251711165,0.5890088543599966,1.831061666109124,7.79890777565995,10.00456751426872,0.6414561916370781,11.62316861505411,-1.84968716252063,7.767286424734155,4.9862253215848185,11.56524909166049,-3.9806553630196317,-2.5092179799566465,-6.445220090905014,1.0282363173912983,2.78379153962038,-6.556689967914504,5.263144964770395,-7.409214513642447,13.089735606495214,8.476175609900027,4.833679262776764,2.834375717202011,5.572094888103251,-3.7179329006039366,-15.914902108056205,11.008517209364443,-12.548042235325793,2.8950611389413172,7.574552772604689,0.49607593703026676,8.106042397265531,9.508004940285975,-14.80355787581327,-12.840718473706927,-17.918521915163314,-6.213341925825391,4.163992603214419,-3.325603741772321,0.48227535340250755,-11.307041576018138,10.805799266361461,2.339979565873438
6,12.579030169516194,3.678475569705574,21.90593924814341,11.189183758229625,10.43871764869106,8.023089840704081,4.044250748595413,-7.7874794149277164,11.088383765549075,14.714942105570618,-0.7827660429234408,0.7997385708957302,2.34302194872681,0.1934424200836493,3.9294152464717627,4.456674475983089,1.9428192626456826,2.324673511544052,-8.025235881610792,11.216190868038304,2.332231321505138,3.752127753836768,-2.02551277802915,10.50185320328693,10.660694535897703,6.354040640957502,4.509942418838642,15.511210212902148,11.38101290683357,-1.3382635539283558,9.379211864301137,12.04731049099747,0.7478784654213457,4.490855861683281,8.22542438899376,6.210325115493366,4.667508992613579,-1.1441062810469647,-0.4921670957487457,1.5878248944574473,2.3164124990604362,1.882759807061176,10.958664653252582,-4.508267251812682,11.67450029266124,-5.8248074212852785,-5.9435543022593675,-34.38371086972101,8.718153135508906,16.13854998836712,10.15956267288753,-4.388423874670146,3.755157949973126,15.282399133760102,-3.403358055620777
7,10.582834724374877,8.721981662876752,11.281869252117312,4.930361818598241,-2.122251505146221,9.33268795086413,10.59175823780955,3.4681624402197038,3.134635351142105,5.445087328705252,6.851440860300648,-5.963810456156427,4.606827474978505,4.13651214032529,0.48300391800549564,7.154009657246726,-0.6441552258115641,-2.816025258327017,0.24177501335435983,17.629908272198268,-5.823647525845741,-29.977509843451635,-2.0926761505555134,5.452896472142667,5.640545983703769,4.50745117542695,1.6550022996201808,6.407125648187131,2.791275535311018,1.5481307980965595,3.0299056531215203,-3.3127951694994557,-3.6117774759020125,0.6758983901568821,3.388889332206882,-0.4062713895525251,3.244408222618608,-6.254488924176109,6.595915115609461,-0.3122876067550815,16.935293264839114,15.519678280555777,4.348904468271197,7.132797085509008,-4.642009265568792,-3.3888275550336253,1.9911051553731063,-31.055250932975692,13.494985438123042,9.476444586807368,-3.7685538241449668,4.46315563059583,5.256851870186475,8.454550855013789,0.6041922538864369
8,-3.2539470341740824,15.05015320315653,11.212256466855807,1.5977990663781458,-1.507598841752933,2.407032860481009,-2.5660126184930605,-2.5960459525183754,4.53713429278257,12.356854852364988,9.60548705227521,6.42774448771866,-0.349233015459411,5.616459627540744,5.898589869542998,12.218721429912412,7.169765265620485,8.173022871418874,6.0149078770559665,4.627033403941563,5.541139363026132,15.571312023668874,-0.7588549925356495,-0.3908477595874241,11.318876297346183,1.2382879208545297,-4.016393995102571,-3.8486136307521743,-9.036067601673457,3.375728582849308,2.2717883282778213,12.963953489394935,-2.787906924072577,-0.2081982120871544,6.878410023085925,0.9342351543660067,0.6515212160136018,-7.393827058222829,4.731200106898132,-4.6650829601044554,9.866576755837519,11.013884253647863,3.841903843441788,4.057930055853664,22.48183372008557,-3.4029830919236552,-1.248891914377407,-29.024207596876185,8.666210060216942,3.9748305882118187,3.1730434288631897,1.6930060426191407,-8.822958491286453,-14.23804584084725,-16.117648456777847
9,5.1861890698878135,3.9767033710163466,10.279350069104408,1.131894633478048,5.144914351555766,7.410536043497981,5.093258568826987,7.029253582565152,2.3038287479050306,2.081807332759609,4.604154570978515,8.12746491724131,9.348224784038505,5.391290161682635,10.096098311093389,2.9287829946498483,-2.2433984167113596,1.3640625403851878,2.5902473338100376,15.982037634265666,3.433246583962927,-11.805291964083303,8.84362324524899,4.599817151926001,-2.7742341136445803,-3.998763468192548,4.280624780119682,-5.517609681401934,9.4591660913156,-0.6601256740336515,3.240949748730173,1.3025446695332625,4.513444165794217,3.867372067607179,0.9241430458365655,-4.332401424038167,6.140130021134201,13.134583137473282,-5.890906254247743,0.6595546869294984,-10.038490486388303,5.458808749305959,12.003934078678792,5.802123621714358,6.25149342478538,11.92318835550425,3.4634401573210347,-7.16215255005019,0.07141158592944243,1.4353063398477983,4.759468478815896,2.2327569972495644,3.4393554822522767,1.740855985758256,-7.663610392687272
10,5.969885698234548,-0.45010753249635505,4.9036945116763215,-10.036307674585556,13.003979228589,1.486332001734753,-0.39765825654779163,1.5888494295733315,-7.718738699141814,1.7037546605784066,3.1273794247179616,-12.412138583708783,-0.594152667616703,0.2808967755765331,7.394587287489249,7.127937873407286,10.508659991074582,-1.0974295759687618,-4.402849976505552,2.1723215753326612,-4.049201589457843,6.155667567739681,0.31711994020306333,1.8193839514742092,-3.2032422654482784,-8.67890765289871,2.4233416099937592,-0.06620448493227667,15.576805348298988,10.190136013438506,-2.1194375482748966,12.717112093555684,11.233859935585333,-0.7050429339311561,6.085364609044426,3.9690459984905866,5.266880017762282,0.2185365916514883,2.155792879510899,0.6019640832531209,7.872884095323329,10.593029068440806,3.0151057821147296,7.117192813328335,3.711918976842141,11.707138501867956,13.75532344652682,-23.74952880536415,-8.138001103790439,6.267339244484901,1.1548993952420292,-3.5022349698202953,11.184589630487014,5.351417258229791,-5.194739385527008
11,-5.9251719177985676,1.1548947004639372,-12.798308556785388,-3.515477945001758,2.1174199325697765,5.420493906858016,-3.0750848626603884,-6.825755540205508,5.677542080684584,0.3206462045105136,-5.527467631563848,-4.700502989243488,3.7003124319777196,-3.542927791269458,4.937518717074881,10.545852637336571,7.883124976133813,3.745195289047397,3.852220458643777,2.9134665691122716,0.15558118297129261,-12.908831039861758,-4.92230220960111,-1.6790855867522103,0.4321094070162092,2.9547960092218553,5.356273261716171,-7.655161104031971,6.7023727638380866,3.398304025129396,-0.03836510315233348,8.468675693687128,5.3321472071871465,-8.25439784478168,3.120496182417383,-5.892068816691029,-0.6483994874418998,-10.910385730315229,-3.0008295921950925,-5.193869165011814,-2.0387715831094857,9.206791878050687,-0.22055759204893696,8.49616307094313,2.896298790811466,-2.595878007460614,-15.135923739598722,-12.659144557252223,1.2654577481503388,-3.3596559148661944,6.615524729295653,-1.7940842880278218,-7.795509387035759,0.2468752350125994,-2.8213969286607234
12,8.066967244050941,-0.7421745998518807,4.935719877177355,7.580431280391557,1.9925371104357195,-10.567621038884532,-9.73656633922032,1.365257777729813,-6.266882786945421,-1.676725149154663,-3.6811512352860705,-0.12408983585785846,-1.0748571923800878,-5.2105995007482955,-2.467480715136139,-0.5536063204006273,4.883537907609526,-5.822501546874339,14.688285751002175,4.636045604336019,5.468726139439612,2.5075957113686873,-3.226223429246825,0.28398271849110474,-1.7144788666343203,3.1866053329134476,6.096054645217195,7.013579428195953,-1.1851670450093794,-2.664090544289472,2.1693205720916087,-4.896304203539478,-5.207024428613332,-0.8390436330620124,1.126667124884469,2.0183518991178397,-2.3755651612062842,1.833608081754373,8.379124441773307,4.891220399074029,-1.2876172211705421,-4.534703859717262,-0.1631163723614751,7.496151354544017,16.043561735931707,-6.786430247584168,2.3321432863571205,-21.318814922352228,-3.1567507811955045,8.349555561737139,2.9474343256074556,-1.8369551249304596,5.181345827782488,4.072175368970754,3.6097863030676938
13,4.70585374929467,1.3271667972511174,-2.4702863911432877,-4.652276580126918,-1.9759812537504702,2.5621138105587082,6.341174982469148,-2.786497505039585,-9.103639242600421,2.543931074896637,-3.23379318324887,-1.6638017132194067,-4.065418752632579,-5.408312969213846,1.6969864638332202,0.7075316266593884,4.87091413045264,-7.748172369538521,-5.904114501816886,1.6217123476826414,2.7332711365758158,-6.555646910959361,-1.178497669648151,-3.380800096356139,-0.36661057189411045,2.3283644551221205,-0.9685686224577378,-0.1083959018697544,-14.072337239372487,1.8441224274586658,-3.684278095711251,8.660102885596606,-4.792067002276985,-2.3809360566796087,1.5474238380485652,-3.0859968084461835,2.8199006258224952,-13.542976129724055,5.428684545110683,-8.442021172569723,3.6975161208181966,8.220385080697586,-6.591369457999054,-4.654752920476758,4.7492168734268265,1.6190394789588696,-11.239294677668688,-15.201083060582073,3.1785129697955385,0.945610251923909,-9.70711869487957,-8.158122621020492,-5.639899742998639,-5.295901359496068,-0.14848856840814864
14,5.59749419835149,6.087601692092662,11.331391457392245,1.53919995560938,5.880677020975521,3.305458822420665,-6.998999507147438,-2.661189330475671,4.711406335538747,5.8421195179071965,-1.5090561594281877,-0.8996756587709699,-1.231229681749733,-0.05310157336750809,-2.922596363388762,-0.6436474384093771,-3.3284348164285933,-0.1331400865194749,5.268370632462355,4.615788218318199,7.879213486398969,-4.7405443750321865,-6.521129114439293,4.582016598205177,0.3570129755808383,-0.7633335645101509,-1.535067901547466,-5.204246896566177,-0.4851410294673881,-1.8730507413951718,4.121676490623123,-13.506587535294951,-4.988037822197895,-0.3170148414008471,-4.5063218192235395,3.788596835671639,-7.1327425110705045,3.3972543392862593,-3.4200071351868764,1.6993926170529152,1.6973711969901104,-4.249127997883728,4.699112716986209,-3.3711953098738414,7.06224129272967,3.8452403314259587,-2.192137283938272,10.69311971567115,-1.5469094919306892,2.778079150586712,-0.5662653379294337,-0.6177711555952853,1.1572715722176494,9.082342619798622,0.9445763218159579
15,7.528807542153767,-2.640986926701604,-12.666398018598557,8.321271267472481,2.144613064559443,-3.7499295322566617,0.020577191090097233,5.220690931592669,1.3016855461256844,-6.660184460026877,0.05104752949305943,-5.967641952086468,-3.821716999521061,-1.7708116221830856,-3.958682112091658,-0.32507428709341557,5.61747867112257,-0.04283583407499352,4.360634022525379,17.509200784320733,-7.865495296423228,-15.444857250670998,5.313746820907204,-2.0551397221124903,-6.27031210004067,-2.8814486228689855,6.931810449276652,2.747598069510898,-0.9732657622317878,0.8328363798102554,2.99131210117924,-5.616471556984648,2.025816484373443,-5.8573776006090394,0.847357263370436,-12.541326050855675,-4.655725490377874,6.284530052421045,-1.2151090813306522,6.38163032603203,-7.788102922390919,-5.741095693743959,1.541066163656663,7.380708599577145,2.7290156130888024,13.673467007218575,3.3208314225989946,-13.520164726948252,-0.027330785989761353,-6.608454879449338,-1.6882306361684993,2.4336248654492048,4.479172044110541,-3.541035700209287,2.2185225225224787
16,-0.23412160423337197,8.895684489182063,-16.28554266022176,-5.826906378475988,-9.639368463535698,-2.249073344833997,3.800747331307859,-10.391422619625013,-6.419380749974932,4.154317722940932,-4.001477252463905,3.4503412477824154,-4.182119138386785,-10.151679167333914,-7.556513973948907,5.931003898686292,7.985547411198518,-4.723431705212106,13.606464458971608,-12.133909424956965,5.484196120378923,-11.152801828724998,-4.162253620673199,3.6024278014594193,-5.141979511295046,-9.636887735250045,-2.288445087111726,-2.5362549266036676,-3.4699802666294333,0.5251650778690771,-2.8466541937419345,2.4194240113910364,-5.730209087230722,-3.54621668859404,-13.139086641029131,-6.7925418984829165,-3.013380412544523,-6.159991392067501,-8.233935890149096,0.43904484230644847,-13.520609286366676,-9.336263906590792,-2.669200430111009,-8.789876454167675,1.1947575321002883,-3.7377146786572983,-13.41928638487446,-6.5598117915951475,-16.261263313950323,-8.797928924691313,-6.424636891910008,-6.531687611828045,-3.827816288081967,-19.905547156625865,-2.4151327220761045
17,0.05232437928112186,-2.1909400540955213,-11.974895161633588,-7.658077701203982,2.768185650815769,-4.517357575669124,-7.740908709715824,-9.366976800621773,-4.86304714850017,-4.822230602481535,-1.3083291151085679,5.200099199402089,-1.8018560327437458,-6.108483877413127,-4.1504708799172425,0.0021718764791683275,4.567947991496446,-10.059310858346977,-13.702059972347046,-4.79143072512685,2.5931698302833404,-17.703393483648494,-2.5030042152015533,-7.830202295996097,-4.053946421177564,0.6705146088283889,2.8867548862662242,-1.9246808168839435,1.3948065492571617,1.4879870159285409,-3.7951724412185803,2.857934568628517,-3.178047223966949,-1.5097001310513944,-1.077616427930034,-12.578764258598795,1.4999861242819805,-10.524709850245593,4.2048652485317115,-7.534312316349575,-9.787994698602326,-2.4257845203487243,-10.084756854845553,3.5206823093550548,-11.592980967492473,-8.166499629312632,-17.582973295328568,-15.763533319745745,-11.18486221955747,-8.113556199536031,-1.9462877232201246,-9.643221814109355,-3.5284588939073136,-8.775716628347125,-14.526113770445999
18,-4.536396730919273,5.60794704544301,-3.697315126049275,10.782037460074132,-0.09235034730969643,-6.293572343733846,-16.496452316945913,-4.022385484101821,4.444038934245402,3.304770221515578,1.8547310220951936,1.0614204449313027,-1.0341155732772789,-0.6042264383666369,-4.1554062728370935,-2.046183235183054,6.294011655510689,-5.226713267516117,6.680785760587575,1.9955540238594522,-3.6901307112100175,3.2785413617990455,10.09013192994254,2.9386310078659834,4.888215310415443,-3.325284867870564,1.17395823768207,6.040285194406704,-3.5115588146204852,2.0214173675191645,5.289654406965996,-8.105840171630286,6.063276247102387,-2.2925568534707534,-4.660150645756904,-5.280344160235658,-7.682084295214439,2.853051797011677,1.4208396405589825,-1.5654485966934233,-13.332611087633639,-6.957220668695411,-5.019073246693124,-8.092732798080055,9.685614946849492,-8.693213514223391,-7.780591798071959,-15.16052145860633,12.965163868300769,-1.58292733406534,-6.077129213177428,-4.521651176773772,-3.5910761727362264,6.273854161403617,1.1840729981052631
19,3.68843361796165,-2.7124646132697863,8.328815054224462,1.2843998240649093,5.050303858153674,0.6541608085437697,-8.552643447506185,18.17480116413564,2.3211049182074412,-11.764012185894714,-10.510149532738996,-6.7322786191896515,2.9987230094111696,2.962457503439212,-1.7069123554214531,-0.875130545576008,-8.703372053345856,-1.1382573630128587,-4.81373819526361,-5.560744072557712,0.3410855364434573,29.082111833046895,12.576127562899979,-3.8807104549807856,-4.38262707603221,-10.924899905311818,-0.7187750485478616,-0.3678899979104801,5.679260375852487,0.46702223438389445,-5.591492412041645,-8.117476231817689,-1.2458513497698063,1.734649809039369,-6.373108313548407,3.039789058724228,1.5836490033840647,-2.9613438218223807,11.582163821677772,-3.2935826924382425,2.9733860176436755,8.237059624827637,-7.797953282691995,3.1413625874081434,7.76360411303384,-4.192984943487207,-0.02343644006700464,-25.05397133133849,-10.315595044773453,2.7658999787301433,0.040849682019681345,-6.805221077891028,-1.1441381391213865,-5.893940013282153,3.1830339991316503
20,11.298380567825266,3.146888491450524,3.281447545606263,0.23849319453750337,-0.3443183012458743,12.29549253960045,10.62875148137005,-4.286930462725612,1.8820772134527868,15.24170062614947,6.224085309675762,-5.293082553513196,0.47284075678611287,6.668422470287401,7.480956189486445,1.2317066223037487,-1.6728861283282845,-1.170985101437082,-8.732279105682155,-7.498372353461324,2.493421581326699,0.15617223661773058,14.159641077932047,16.44017844936069,-0.1008957137866896,5.498439169099212,4.26546581910581,8.911464494101855,7.721826553344727,13.471305707887728,0.5316072580765705,1.8604457378387451,6.983953007021729,3.6374621111519483,5.269877500680028,5.3267607080693145,-1.6694190845805772,-10.403335450863352,2.245044643781623,-2.5649110364670658,5.970240509023472,15.04554176087282,3.286741952202758,2.3772754164374605,1.7701151359669522,-11.624304832244405,-3.884396213658002,6.708391320796645,18.600963947724324,1.3266129037555383,5.964761603243497,-5.206025773773388,-0.2833171486854553,10.806938093535754,5.537372306901581
21,4.263947110395042,5.730862077705714,15.690193528423505,7.320786686576143,2.511334771404461,7.350821721310518,17.806451330379563,13.725592126651685,9.841676546602834,6.333877909548429,16.844412107856908,-3.1899822025882956,5.060849053519113,3.3063106433469422,15.159307044607644,7.399170550080586,8.593623969171729,5.8628218976818784,24.10060000662901,11.5454993771047,2.532401813536274,11.869385875001246,3.6993113690797164,1.646566557640932,6.42784621194005,7.588436495892855,5.537335588007557,-4.677160855458707,12.427702397716288,16.925872473084198,9.016772226411469,6.040011505995478,14.875673346677605,18.54890766557382,5.543022457434207,5.126126965697931,6.4132660104303945,8.192440227586395,11.009897286794624,4.194215934495537,11.596051969090286,12.270013466591434,9.542392937504516,-1.9643489341346585,30.120341031527033,14.961373298752065,23.47206572063115,-37.73620679183882,12.778870361800097,2.289439211086351,4.643302290491303,6.670254378902669,-0.38648780997918575,-4.233207967816567,27.709350855983033
22,11.528568603326471,-0.6260076067885574,6.148305654525757,2.163908092951288,5.273854438747678,2.390484932734042,11.23362262881532,6.693691350975815,14.296423886503492,6.70630605123481,7.025532454860453,2.2609762920408834,-3.285885180745806,3.2487813442641373,12.304885644085553,-0.9721464459993401,7.696955727071178,6.328467382156119,-5.319713530795915,2.0788956095977706,2.4941374637490634,9.81964345854156,12.186056797449686,2.3811617353741004,-1.6978533109840082,-0.09742985158322418,2.1456759657178606,-4.027963041042795,4.146702586388101,4.406297170386022,5.0257748389730645,6.5176208801757625,3.925203375062164,-0.06755857808249337,-6.074077615628437,7.802668014351203,-6.596976750359243,-8.311879530244944,7.812880216660548,4.328224629771952,2.974208752871776,4.8095859983099665,9.590703528146355,1.2352854090989853,19.219876914608236,4.627027327308849,-7.049284450861872,38.80260697676211,-11.363950338290662,-6.351227896554129,-1.1011904538894186,2.0809583996175505,5.440589459270847,13.801768958568573,-2.242129393986293
23,5.757399758209988,0.19519848026791398,5.601750587930485,1.6551631281570511,-1.3504815442221505,-0.98921430202163,-2.058650627732277,3.1849626926135044,7.318932840410544,-1.0087277001264143,-5.164174385520877,-1.9787578743939498,1.9777694977059657,-5.166830708785933,6.487116667385004,0.8237890491680223,1.7418160049282774,1.3353217517843052,-15.661857018665392,4.650570876136118,0.13988307909089692,-4.487502715417317,5.26178187147087,-5.979809313936501,-1.0991402001557302,2.0189707425175882,4.768307284433014,-15.95269860053549,-6.628572974886213,-10.930535065884493,3.3377706468941604,1.7009820302530212,-7.677976638914979,-0.10859922030750586,-3.251278787243123,-6.132547023345013,-1.4489816013647585,0.8924053688438571,0.928155858905948,-3.3669529344354356,-2.571639177750568,0.24406701204728107,3.1129736553649514,-0.7993383809391942,4.3524445118952775,18.810862159242436,10.994464803106931,16.884802717639474,-7.395799423967089,-8.901892949731982,-9.100240792546954,-10.03499398608597,4.7178322259260685,-18.503757867277884,-3.8648290499588667
24,-2.0006504143987383,-0.4668903928630206,-2.081837478949099,-0.10224514568642694,-6.65075207623292,-13.397632420519177,-18.586860143408483,-3.6121245622634888,-1.9637738065604045,3.012825521887565,-13.579807103288417,1.0753287630421775,-15.747968028090439,-0.8265873655980948,-4.301970901537914,-12.58724575748249,-12.380937476547397,-4.833511744226728,-13.817926853895187,-21.012809135475937,-3.194716755224734,11.264860291870272,-16.144619002634165,-3.1644597587612817,-6.45937303742584,-11.029338712594948,-6.019573990179568,-11.332446273492307,-16.56798789209249,-14.25183199376476,-3.7029518545890343,-3.882765059568444,-14.996295583491422,-12.060171965433627,-2.448549076610682,0.12288304737636022,-0.7544639536312648,-11.459741321145271,-12.874096203823479,-1.8638721704483032,-8.585775984793294,-14.48348771309366,-6.1523352618120155,-4.9871490999143955,-5.872365350930059,4.451745865296345,-7.211741216328679,15.939181018848808,-2.0742222630247777,-13.062157185710205,-8.08582119065888,-10.990684157731582,-4.398812374290155,-17.297032612927104,-15.142170277785281
25,-10.339599308918933,-2.482875041207489,-6.443897277724986,-4.989977194338429,-2.2375553060627107,-9.237828571577461,-10.495644909082626,-1.4772151775506077,-15.81425440866424,-4.171714138011543,-7.47202003245451,0.2420078686305455,-9.339479120410218,-9.037671898092542,-1.1606147578176187,-6.713823068069712,-7.296130529471806,-3.6209278781803285,-5.261550948327901,-0.2744405138857511,-1.2038710433609632,-9.636513070184357,-19.359685892581332,-6.486306098042702,-5.4019830774287785,0.6238739527001673,-0.8572859423501151,-3.910459963642821,-20.31995374329236,-16.755773706323637,-9.710528624301054,-2.185906252082513,-14.156947045301905,-9.425717678605293,-8.380789863211769,-1.4624410636570988,-5.263123590119031,1.0096902867056885,-9.742015477269888,-4.194430687901925,-10.313902960139878,-6.280519044216798,-8.454766244304423,1.890260749021355,-4.997941975690881,13.652458959696244,-11.620960155311895,23.566759554707275,-12.27266489486305,-7.778877707160249,-3.078591217495957,-14.664703313793455,-1.4875040042157075,-12.09407445362636,-19.03017607513739
26,-6.846189542692535,-11.005142360317464,0.3620844130613366,2.267086009589993,-2.9744091033935547,-5.357977574577137,-5.550067441804068,-2.6560850398881093,6.496222071501673,2.508587725916687,-3.8345584188188826,2.8676401635213775,-3.8369837135684732,-2.0354049376079013,2.949089057439444,-7.147526691154558,-12.96778429923009,-1.764572599408578,8.803434775952173,-9.259146923921547,3.1356188800870157,17.76817124230521,1.9694729911125437,-1.392012013464558,6.249061905607885,-4.483414363496157,-7.877702436276844,-2.384775214049281,-2.132819242015177,-1.8703546330940968,-3.021545840769398,-2.381812658845162,-2.1939225320001037,5.690078403268542,-3.399032840923387,-3.1351085025437024,-8.085728099151533,-6.059666816677366,-7.77068339075361,-0.30883006629895193,-8.153014645892746,-12.719914291586194,-5.009782968735208,-11.780761652455038,-4.522965044391398,4.573817676427413,-6.239039913732178,-1.7148355307931802,1.9069295400867656,-4.993219187065047,-5.074086737876036,-6.34774930744755,-5.062444167477744,0.44633834459343735,-4.822174491930981
27,0.6693959175323954,-8.242817730927953,-1.1290785062069795,-0.8655677273565409,-5.699785741008058,0.5694606517042432,-2.995128578297338,8.149483763441747,-4.892146319150925,2.1298700175723253,4.4464450283926364,-3.7954275839182796,3.6399179922074687,-6.695072985425288,-5.060284339651769,-4.091124398367746,-1.6137885463481048,-6.470049648792768,-9.989512973902176,6.533015882786439,-6.620789989524958,-10.004275674722633,3.708009647471564,-5.780072859355381,-4.023424567616716,6.261181401811084,-1.0927150575634168,0.22336707811574547,8.286322321210589,-5.351252080834642,-2.4993498440907924,15.33854236590619,-4.392276231123477,3.088988105861508,-4.362497530725538,5.726329854556492,4.489009923776802,7.6180478471274276,4.635040649345943,-1.2823629725952537,6.531408062394784,7.696433198087069,-2.766808578554465,-1.2477633457497828,4.843518657581311,19.3568359750266,-4.2280677598616,14.034164371539136,5.970324269666964,-0.8727603258983213,7.55949725058614,-4.337873294645426,0.12797173295094041,5.018205727241477,-2.083963340642501
28,-4.634510126649117,12.519919147296827,-3.2970649898052216,1.580177442151673,-7.108074852246411,-4.146394295351846,-1.3079579314407037,-12.20312070527247,3.970648617768774,-1.1846673573766435,9.479972672705747,4.650331627045359,-4.532101175614765,0.37408085501923855,2.428527395183943,4.264826171252192,0.6607791830082329,-3.4477471873468284,4.776765205422226,6.8716714734933815,-0.16047298847412578,17.296081142766134,6.678817460427479,-5.708623432383245,-2.189271520139003,-4.200324835825939,-7.300513091744209,12.537928953370061,5.019489726241754,3.7193638414752725,-9.556558091573569,11.834653986960042,10.286777912353983,5.952649320950922,5.480106641443408,-6.631582853745441,7.4144297920319495,-9.029107901514793,2.7293436429938494,-0.38909055992048613,-0.804640610607303,1.2998796893017632,0.9218893099804314,-2.7569442294081865,-3.093812947370568,2.7660202583184046,-8.564784518530953,4.090000215841799,0.17652353036160373,-2.453976643328764,-8.50785771681338,-1.8113531899847546,-10.165677283491407,-0.12452662356045781,16.045888589352977
29,4.839565216278543,-3.5037495226276163,-2.9945115845422356,-11.875897708596016,-0.40168620706820973,-4.696193513821583,-1.835024199163427,-5.9612005547601346,-3.530342217610807,1.6910381662298222,-1.248659804767492,4.273520000126897,0.011572993379466387,-0.2683036242212568,0.7150562198794618,-6.764715237885105,-0.828100504011524,0.46667867568226495,8.500718890328189,6.354526590327827,-7.7194892642449355,-9.907687930428253,-8.017170176214101,2.470846840617608,4.433564259385576,9.310503844703947,1.0330357721873693,1.9699523801706276,-18.651072635942576,0.6001356085952447,-7.165932854788369,5.972187779387649,2.783430073942457,-6.03133702034853,0.44213944308611813,1.321102804675394,2.3798949806665886,5.779532212687998,1.3227832186587003,8.457204513327808,5.583512911991197,1.690974726968882,-3.393968109573637,-4.556858982966871,4.065836394927939,7.774465376017045,5.122784975840121,12.02280767444445,-2.170236872775214,6.192423419076569,2.147077267723424,2.2119317459208623,1.023739643623026,6.423795829013902,20.635100408476227
30,-5.308954379996475,6.127437912687963,-6.915498858203693,-4.661200419980652,-6.1598188281059265,2.397406072032695,-2.7909733811203314,-7.100455954366801,8.503073398556028,-1.8334178970176347,10.643955150429083,2.740563225077123,0.01279049142434889,-1.6383386655729644,10.786380258141731,-2.15203228045483,9.823738122472959,-0.6321749735851677,-6.8730970706258505,-4.886882220603982,-6.457391879084159,-7.070158313047521,16.648597697822414,8.890884285070458,1.895985794310667,6.843706087494383,1.4934218975962426,8.386873913054563,11.678428474737673,3.7645925088804595,-5.413862194333758,3.5242461598649317,7.517804473030324,5.793163445531105,2.6032736307504227,-7.465899528479394,0.659778571858698,-3.94235773779908,5.984156520999208,0.068753504251339,-5.015377073871846,10.036391791032285,-0.017247080574838484,-2.2540317011274853,-1.677139363726791,3.2710365348932693,-7.219264229797587,0.17464192242038493,7.440528688078024,6.494145564278778,3.232894415758094,1.21784816013307,-12.911992968345174,-10.28128939258809,23.338077876032614
31,1.94212365454557,6.3021446198833235,14.550711116012263,5.01912040126567,4.857609828515929,-0.8272714030985929,2.0539300064651336,2.098496818572891,-10.05712775673185,-1.3228122354770193,-3.5365529937707647,-1.730007226369819,5.6291899218851205,0.45570148010643163,5.199855872562954,-6.6420576421886075,-2.4546289218931783,0.9276204632253063,-3.7562002612619985,1.4920799829521958,1.4604384643690926,-10.667720157272962,-0.3702918656018315,5.409860788559427,7.088983125832616,2.321358916710834,2.505364091800792,4.149781677035653,-1.7831375982080186,3.9078279484291465,2.7879417042951196,11.887654835776408,-2.93270419021042,3.758565328559097,-3.002597104073787,15.137147343888575,8.734668653534383,16.04655888083638,8.563592192621863,2.4734206734871376,7.6546461363228,3.6118019040749996,3.5580948147238516,2.921842339087506,6.256812118754095,5.542612821167829,-3.8292225483728917,-0.24567848322342853,-2.1531778379362456,9.569682515093259,4.456048135246549,-4.625143757888249,7.8271651365319075,-5.2082812883416,7.824180797654755
32,-6.969622972668434,-0.42193995568217063,4.406600638311737,-4.472150989332977,-11.207017656491727,-0.19367513182211896,-2.448307537606784,3.9213472434452603,1.3275501143415362,-4.73630373088681,-5.806934552077128,-9.097446941599554,-8.809281332760442,11.389259664379821,2.7314707393548927,2.443045054163252,-2.762538227955906,-0.39832999481230363,-13.780551288200884,-9.584765582060328,-0.19389978233648805,-15.439611464738846,-12.051586518482287,-3.8683566259486333,5.727343114663143,0.5567708781787327,-4.528060295143906,8.083589939438568,4.533326713102205,-9.766247319931887,-3.7162855973049087,-16.834531438593963,-13.174069134100359,-8.380675841350945,-0.2494204985548039,-4.571996028325995,-8.347405145058827,-5.001251474935181,3.288204803758738,-2.1037858852318356,4.927837219773506,8.831831744738988,-2.0355833291399237,-1.245370864868164,-11.1668654333572,2.968236522121849,1.9892395068796314,-3.869756822075163,-0.20350157606358432,-5.950697922584962,-0.6896398309238103,-0.3481790776155433,-14.535767541856181,-8.14688468709284,7.791505716284927
33,-0.08911567743943662,-7.649966796746059,2.2700632324024124,7.673698561532157,-4.152780976222486,0.12138871529272624,-14.6455576857742,6.690892780465739,2.3294465806411235,-1.4046855824334281,6.270045956786798,-0.8539109813923739,-5.107310408840374,5.869809872641856,1.1057730767191674,-2.2587575717848174,9.30083801095583,-1.2447024224972238,-1.5481958121669537,-6.890897006404643,3.964655800741546,18.016658719705077,-4.52758328038819,10.857120608796878,-0.8296705905576142,-2.8603901954329745,0.81636658128427,-1.807633871934852,-2.025561113746799,-5.28936889037794,-4.285251185602071,-1.048788063380183,-3.596744289203566,-5.487509768988405,0.5766569047558064,1.0312677071410783,2.728780286652701,8.651968087924987,7.224428264462218,9.652971791369575,0.873367502373092,5.41572827344038,-1.8792303545134408,-3.3601835418720634,-4.5846234827625505,1.4727180466359975,4.54581493139267,-25.39310053416661,-2.965053211441454,7.617601968519086,2.37569676035521,-1.891870647972944,6.120956918414758,5.055455704124606,-18.248543995983745
34,-9.981237502730622,5.832951486110687,-7.935535899230412,0.07093970264707293,-8.592995159784142,-5.894012810624376,0.9893064845581444,-8.71757151794677,2.672787427294011,-1.6860658906077093,5.291116035714442,-3.5914427266285127,-5.179750148891186,-1.517419057232993,2.0623545758521225,-3.4863891522495116,3.9562491357934717,1.6512909035901635,-1.0561957112988647,0.38956344857507824,3.971419322247408,-7.369091889916026,-2.3519267452006436,-0.47932556986200564,-1.035632686651483,-0.3739918196687893,-1.149308825025753,1.5222916773387365,-6.71141394790338,-2.036812132984704,-4.638893498449909,-3.9439240697087072,-10.955206946450836,-4.739034290824618,1.704874504509629,-2.5128434701841704,-3.4690708159183967,1.8614819998643837,7.6130472246405425,-1.3169983613247773,-7.6101347779741095,2.396131539831356,-1.4680715898165897,5.998504608261342,-11.254857982907977,-1.9170880828584944,-3.5110402780451944,-12.304959076399706,-6.282787035922615,-1.9223432408607737,-2.670508930877763,-1.7930365942266522,3.782581548301541,-2.6691485308870977,-6.496008106640407
35,2.2487408293753255,2.2283052692607956,-2.4993054708656,4.447749126322416,0.5000660084948247,-2.4435195849866282,-1.49234304622728,6.222470298105357,0.13982429279356587,-0.5268906774569531,2.438402771949768,4.7827035784721375,-0.9099593472724058,1.3892462813124364,-2.0663574213276106,-6.874318918403314,-1.6518261359662425,-4.0441775276724785,-7.684575573522217,-0.9618357593307689,1.7805310572896684,18.826816122142635,6.884422838079686,6.230784524693059,2.0361837623070698,3.336435371515702,-3.1063307316935793,15.12039405464822,-4.711126502679319,2.4667711503499623,7.883319981244146,-5.102275011490803,-1.504809242502159,-4.247737524460773,-0.19178155490330287,0.668204132391482,3.9165440688327866,5.100630305802488,4.257806650229862,-0.9178853497213247,3.310838304003891,3.8829572103461443,-1.728210233912176,-1.2389002547656396,4.502736907832476,2.8627190675054277,-10.574072868240123,2.7949007141346836,2.9900591543742587,6.349461482495678,4.853164476399519,-9.39947732948527,3.978170536610545,2.2582373248071086,4.084480170084506
36,-5.5419492426575445,3.661722617489951,-10.555858125111886,-6.977909651946049,-2.9705524310773734,7.491698838010127,-1.5772035730128386,-14.260268520031657,3.6718560387285386,0.33562992057021784,16.73082028481425,4.621807040912764,4.884981688492152,1.5754838549360937,2.0093720804671853,10.540941543725072,4.307417985127897,-1.639029055225606,3.973561095948122,-6.007623497320681,-1.070728904501136,-15.665970400888092,-4.274408122562632,4.6198645148958475,-1.1190802746889543,0.30263240270468655,-9.202100779329028,-4.1907539373757885,7.1729459276004714,-1.1322780871877864,-4.236529040093324,12.037839603743382,2.436456776395136,-0.013298737151282174,2.772922841870055,-1.6979075378301192,6.692924989729511,-3.7813187569988016,5.61761829804401,-1.4301617893637444,-1.0327394738489268,10.876611233973989,-3.2821332721077665,-2.79891084377863,3.7344722896814346,-1.919861731936737,-8.9062006972274,0.9046892694064549,-3.1825358381076736,3.3287559869338055,-4.996520570346287,-0.18139661757313474,-3.09287090804808,-4.8571361899375916,-0.8730301613710365
37,3.464673803777111,2.1142376758614363,1.2099111797858257,8.138715300024773,0.34819177462130174,0.7205387182077583,-2.4291103193346335,-10.094688074929374,-9.371932979140963,-2.152600962288526,14.628977942831662,10.822867398359337,3.3963519492927863,-0.1291703649425917,4.79268480320366,3.931955948243944,6.783197544058975,-2.0690069137027067,11.464498608696218,-3.956100971114879,-0.5394840897346029,8.349779274998879,4.96725020329563,9.064530083111354,5.195185343829953,9.17785695928852,1.7265170569322548,4.414646768144199,1.6888918098138304,1.1247829168426746,-2.983209109960162,8.672937055631559,7.293341018107473,5.832452988138004,0.8810325757581361,0.20402052207868926,2.868436978787792,-1.2078098519420137,3.797644744266053,4.16437459539394,-0.4002517498269373,7.085460400094791,3.1851503267047967,-3.516166685517326,8.658750042737443,-6.066388937891746,-9.82398433466347,-3.263637116102844,11.93538180541019,6.154846137275501,-0.6639844799528316,4.179634505388688,5.389575880248936,5.308244135002701,5.444072273920994
38,-0.4766760006242869,6.534965968861872,13.601265615650586,-15.1602193190127,-2.905619681489711,-4.559881385795924,6.542654895660829,-8.997243179958694,5.273462294619911,-4.561203628170247,9.615641452828232,-3.0027219136150514,3.992333232748265,2.3660483761709563,-7.176653235542531,-3.534920873690625,1.802208726503411,-1.9818579542393586,-5.700422398898066,-6.948774062857336,-4.093445527310274,-4.926459745484955,9.790899464010014,-7.189259451262805,-3.5839952133139787,3.5715417685557385,5.780756801975016,-8.679857663962306,5.95190796864276,2.3056171274915034,-4.830648160710627,9.960490381839325,3.9888098738631426,7.992442441229918,-0.2323892086136098,7.356149385778272,1.364417170991703,-4.8348113930955225,0.42617057780830225,-1.906739713662133,6.026771872627492,-2.97465360772853,-1.9466261835578753,6.471934631694944,0.29982005576698145,-3.98348621324617,0.31123786845377516,9.546181141113749,4.574179645019527,-1.8802886669124876,-1.2477442679964765,-2.9982497178170147,4.881282345752935,8.966731528846585,1.436489583278189
39,2.9466803469219984,8.165365008067111,-5.293936155280289,9.110303906457764,5.144669585690206,2.5316207092635485,14.849419250780223,1.7250759303569794,10.772536255875412,4.809641569244619,9.144556209140895,0.7454004528818234,4.903228503100726,12.098427145456782,10.59712040150652,6.6610937775397785,-3.7735041586720213,7.393272545872902,3.2991785382737917,-8.932663455301402,12.09431198665074,13.778886517091673,20.064091704329666,6.18166834967477,3.707687256287555,7.776990415794509,-0.8911288867191393,10.980594118030703,20.649265471769837,9.299298967025718,2.5979149071879837,16.377283525710205,10.798607534900004,12.63113812642286,9.145442293310651,10.895384202198107,6.736348007102402,-0.418755726242552,11.464814070536166,-0.8918206935026207,4.599503269000929,11.177456432459305,4.919213011556742,7.509378491919868,11.496733276211486,-9.407830293081245,-6.961771497312857,9.05232177370665,7.912799411282247,10.091811072917617,11.515239350041565,4.935374826801066,0.27958020507072917,0.3964468590459045,5.253967818556999
40,4.971423746162683,-2.518194865207283,17.406075815765224,1.4705153186710513,5.389477805215485,6.746154590528839,0.30302052108608946,12.253438078627294,1.194360897249105,0.7949212090093263,1.7498085377167683,2.049929266833529,12.518183025626504,6.8436520105722,9.323314054888122,2.986286299569266,5.595761835879209,1.6474513922418867,18.9552649244362,1.4293883418550297,2.5965763789658642,2.7874774665248636,9.380347242160719,5.217809314326364,5.783607006681208,-1.576876104258153,7.811706055487905,1.1910376682573436,14.878470451247935,11.326530106213628,-0.3660378334473591,2.558247118580098,12.22788190111822,5.192494653925603,-2.982690134674919,7.302827771829099,2.8084864631979443,10.334546450449496,9.426997890277784,10.64568403545691,-1.4391199386849696,2.9685524206380456,9.727813817627196,-0.7313421435502111,0.20004392886648373,-6.6819957817087365,-16.433535176880504,-15.775297634455622,8.88320243693128,6.6766665115648385,2.30260325025539,11.827004688126701,3.543572076121155,9.356746478956573,11.325729350046236
41,12.242362844092506,-2.647479067043382,-6.202735273205504,-1.0826369815943193,9.065731125218528,6.770977362078064,7.5241633387548585,4.663327220751315,4.823843247428233,-9.244412277426038,7.78590329325929,-9.037307651675476,6.418266428368432,10.133596844819127,8.142686196735927,1.8505972842780911,8.655951843349909,3.4432597792878443,8.840970282956045,-1.1195568162567762,3.1813354765882296,-19.00239814057642,11.985698876028158,-2.7154821294302844,0.5842617275763531,4.579014349956902,5.3652818254575285,-1.0180886016816508,7.201449585508327,9.307580210116445,9.74209943109629,0.7960665981684413,4.805626478122205,-1.5168496954197785,4.579443819060618,8.33120336550839,0.9002022493858727,-2.2884154368420035,13.380000459904574,11.385837800040537,7.787687690890565,13.977399280484843,7.2170476962109005,4.565831143028882,-3.967318037942964,-0.6740143323431209,14.15559167034772,7.017278797772466,-2.043378141613639,6.283761223512037,5.154483761714429,5.3514156779464415,4.6889950620884795,16.69452774767973,15.960189994500608
42,-5.746261760896566,9.58923073934049,-20.231778510979243,-1.8914505310204563,2.7149223417651895,-5.118884759898088,5.251700765016127,2.7312573471239636,11.55801092118633,-6.756025971198569,11.969761405672346,5.79721285284934,4.337210955364363,-4.352795443972763,6.1257180559391875,4.277165370328086,6.541047912471148,-4.816156226153276,-5.784444945199149,0.6171213588249699,2.490557901713313,10.54912200083538,-2.1327205288166904,-6.716232304442293,-2.5187066360091674,-3.7184143413086326,2.0973405737657935,-1.6620799400368516,3.2604712338587127,7.575932502746582,-2.4099474306009254,9.712968304449198,8.467048776393034,15.19287329303975,-3.1779586586873143,-5.025283871864786,8.905621780424703,-0.8488612924607433,-1.486552815048062,0.28244087464955386,-0.33366856647997484,3.9659899655653508,5.202492170187892,0.21465175519982466,-8.842202126371618,-5.982506353027967,-11.126051206978,-27.371158827324304,7.446014432274565,-3.5428700690366783,-0.025682957500827556,3.3382740441937835,-10.032730769137947,-0.42128680920114325,3.0643745628850803
43,-1.8453142071256832,5.590715887899301,-14.59915297858569,-2.4922687849219964,-2.1328473859751713,-3.1011344133591163,1.0697653219103813,-4.800826617649624,-4.403750349064262,-14.495068991670804,-12.261505355640333,0.3666168094365572,1.6012805390114686,-1.02573488987222,-2.815196088382176,-1.2742613239251837,1.0721527909745976,5.482852262501814,0.2160102688536352,-16.760869408140376,3.8108267142456405,-1.3429704022080617,-1.405350738642167,0.9341852841328602,1.2662759213233177,-0.6619850068676228,-0.7251053026744297,5.1694499619153085,6.619198216771593,-3.4761482002783795,-0.6034446766181868,-1.95320367509005,-4.143330779610848,-4.889227539909129,-0.377241953903315,6.705273067464634,2.4114188074457403,-1.7441111961189582,2.472365674315667,0.21790714409886575,3.7786219657531808,-3.673383900097438,-2.2835635199230544,-0.4277687212642358,-1.031459659946208,-19.783744182513686,0.29614706063757135,-1.8274428625496066,-3.1226909248804557,-7.341500855222041,4.6513892095916125,-1.6235532988699115,9.608915387367716,-7.8567887687181335,-22.737947213558517
44,-9.265421226468622,-0.6432751587459019,-12.92059815659815,-0.6216816877832219,-8.27736598648587,-9.399841114270444,9.27021797579162,-7.363382130253072,-1.9122497840803496,-0.19341662222025346,4.403840398301884,-1.9716155650664349,-2.0781025909343542,-3.9554692804813385,-0.8457225002348423,2.247210267246986,-0.6044499299355915,-6.7382137215867335,-1.5677163856370109,-5.627603394644601,-4.020407424897564,-8.964517406054906,11.797052045865934,1.1646224771227156,-4.146055883899027,1.6315920255622085,-2.0060433961299,10.32380197607741,-0.1589085106946984,-8.95633967433657,2.2706501277125613,3.153108759802215,-10.846188818921847,-5.763870138674974,-0.727648356587303,-5.741202826402625,0.29094648239563925,-4.830505617495094,4.994366467303159,-0.6087676682034318,-6.18500755149491,0.174579242054297,-4.45373490939335,6.903107332940004,-13.417795856084142,-18.311646184142756,-3.641492854879827,1.5076815644089057,4.607174969449336,-5.866399361162769,-6.890010777784854,-1.7965410266603743,-9.24432384967804,5.565524780628633,-5.801886529338603
45,6.08450740210864,-0.8743860356661738,1.4972979326029212,8.928872362995634,4.563066952221561,3.807507890827802,-5.825696072408131,5.44196129939994,7.690656235631631,-1.1224644926129554,5.398054993882472,0.2527753583022526,7.653432826606595,7.829365056388232,-7.356376486165183,-2.1949885852482853,-1.040171769792119,1.4873781204223633,-11.545426568871706,-10.552162756725233,6.055100331577111,25.865409009310664,14.10076542571187,12.44002137865339,1.907971775653411,-8.645807069175097,-1.4542339993830846,4.51128993958843,6.812226595319047,5.824252147607657,7.439830029497341,0.8646245915062574,11.899995131760228,0.47925556557519094,0.9143570454753175,6.362875855698878,4.667188233258773,8.318744155825401,4.449304668270812,3.293565202124265,3.2645000517368317,8.22430474881311,1.3698271707612641,1.662365399301052,1.91895271989764,-11.95487751887769,-2.126654359150906,-11.0750725804543,4.055511959961483,8.79994575101502,2.075855920271834,-5.205350019493881,2.903844619587976,12.980424690535482,2.5886662471849395
46,10.398269551140922,1.6635921075940132,-5.380505040211945,13.809887900036209,-0.4108710681297341,2.800153992613968,11.416560343333654,14.862094279454679,5.94705806094773,7.605272894535138,6.7873212536987,2.2168625920098655,-1.8131842473331763,3.043164081719457,3.403285839119736,1.2771653289697609,4.0752251379343924,0.7457171794103117,21.909594992897947,5.523289338666565,4.808120759166017,-11.013213121313221,17.814723226716932,-3.045578417729358,9.583956610183327,0.5568485150531847,5.052639708835251,7.78509140501217,6.152860654860127,15.619503771163979,1.9417511474113076,3.3767312223813972,14.62537506283546,8.46331774215309,9.455183530644495,2.642924435284673,8.344031866715879,2.6832737065091425,13.13541706240907,5.837234405838713,15.595317431858607,9.056671660773608,1.3583383386840626,1.9866085382444518,4.259335840234951,4.70314312711054,7.48443401954612,-14.573657760814745,0.12895515743567018,5.716094905016374,-1.4861317769605287,3.8507484127387253,5.546484895658736,6.742935621464739,13.718730259914787
47,10.362435988017491,13.726611852645874,2.491517441917439,1.1707643513776818,11.096238808288257,1.9436755812897974,7.431372627920034,8.22251117077409,11.721820176864156,8.255096014056887,1.2583177101855376,6.196785168684259,-2.3709394372239405,3.8194210045799917,4.202158693148165,8.360170313290187,13.279860469759727,5.713192477518199,17.972600335977514,4.332933272634234,2.7668808726023655,15.20860734277842,9.370621746900131,11.128259179543475,2.6098835228049024,-4.054445334843227,-0.6618696816113531,0.8713743540705466,9.868565971754036,8.421048192345367,5.826250550698261,1.6281154426384945,6.835773838265818,10.760292630718679,4.318092665502003,8.88447461931073,2.1989798119329675,4.862994938480611,15.741626921394953,3.9449968143385283,8.897000960245425,-1.0339750927321765,7.7577332927256215,-2.182922854715464,20.966545429764963,0.4653224215215566,-2.9876335644524317,-21.427728746618545,1.2967085981247377,13.712327141390771,3.2526755205222537,-0.10701696483456359,10.029870758251269,8.281903954792996,9.389448699902514
48,7.935679753520051,9.336474543931534,-3.8391089047096214,-4.392256860830346,6.868989992962808,6.987980180248922,14.403298842663668,-2.9955867747871245,6.63705434726209,7.82153631351432,3.3749711990964655,2.927703098983181,1.157828570020442,5.5910143604388045,1.8433042719428028,-1.2580712626175004,-0.7860743157109435,3.26806154786324,0.15033320018223353,-0.06231184030065731,-3.205852849142892,-15.084951558891607,-3.2705265137614035,2.5548186052818687,2.627622954699458,5.499151441819814,0.24429970584353622,-2.4482960875849336,2.1287708464933903,5.686713840432313,3.106078429109588,20.730154092214544,-4.34612799040517,3.333935926763379,0.5638252861645757,5.806665914399283,4.303200348299377,13.94227491372398,13.5068786509183,2.412901368372294,-2.0982652482937794,10.380369344536138,2.075276402794585,5.122358316061448,0.6600032704217094,-2.577517292937454,9.27354144320196,0.9283651292932277,-8.811029429338417,-0.6439483530667364,1.2836021434287637,9.371184475567876,3.066169044801167,0.7386386795919768,1.9000181750375398
49,12.142220547004621,-5.932805924999471,-7.338807923453195,6.988382679467299,19.57977306903625,1.2369651131483974,-3.8857417398569534,7.912344119682604,6.770580031433884,13.20330039335757,-1.9469604102932676,-0.44674671791037734,4.367700270244053,0.21403427513278261,5.684809583790448,-0.6199091794539471,-2.888191731000433,5.383540947674488,17.983811149791794,-2.8201219542902343,11.059130440257034,10.696824253821859,18.689024990918686,5.610508431585467,6.427430660748969,-1.1982743150117445,-0.8357343211465952,-15.486262054923845,0.38553886510887925,6.742235452544932,4.206211359829319,-1.9743478699606292,19.70418805127241,6.8989247618889324,3.6367739323450596,-5.620781297586402,2.427040599438609,4.676433296227942,-3.325651221129359,7.777928185706236,-3.4538930388813722,-1.4456959500604747,2.9401828129680787,-8.054482323174573,1.8487625730280974,8.449317876173525,2.3246785469201146,-23.08619138020642,2.026842786341297,3.614746490303351,-1.0644348434039526,3.96060420359884,6.139462245970356,12.726359512732953,0.5441630470509432
50,4.577491417223094,-10.033320498709775,-3.113927257304289,-5.22406768677186,7.205566588713198,1.0691675008559713,-1.5648955581139545,-1.0412872312020283,-5.1803867372931265,2.71852968298659,-8.856700232138438,-2.9542843930575313,4.681215837293742,-1.9914636932009337,1.0212539538589058,0.745400676617817,1.274833798104403,0.3766911236607299,0.39771497492887536,-6.7032071680438765,-1.1053769631045205,-15.39754740680967,-5.788792032368329,-1.0734755412808485,-4.007472939029032,3.5936847312413915,10.053129967226058,-18.655167003067174,-15.140253150949674,5.8196735430736934,2.4049273826638045,15.605692006495534,0.13643206929673954,0.08847252446777966,2.4626632953176695,1.6340065367367802,5.529350365303,8.056359799540772,4.535172863274204,6.50203959887125,4.27103142896477,-2.4961402160780772,-0.5677857009731994,3.1764779644353047,1.2030918208920225,11.83842780851588,15.028674850810548,8.796723515403514,-7.669928365824174,-1.1294300179092251,-6.047594993090143,-3.42845667503318,10.320212102057983,-4.0415695613744305,4.0124277293073884
51,-1.6582484634555117,-1.0700444664273943,-10.570748412943615,-0.08496428752432064,-0.5278716750290929,-3.1293196921445885,3.4724017357339663,-0.41670278140476774,9.994419949395317,4.743143551203669,9.317125817950892,-7.478961739004875,2.644673698410696,1.839993234191622,5.4905730917745705,1.5904246922202256,-3.3607010833766995,0.9131972777600191,-14.462937301518966,-2.124930279595511,-4.448497931529977,11.088518043637883,10.229333969403287,-5.246632713444379,1.1729587170542504,9.543296186595548,-0.9585821756294796,9.084998003226154,-6.106372943946293,2.750203900495354,1.5216481231286056,-0.6274993329175881,5.6151275517685075,7.603258181591423,-0.17886445352009364,-8.532671630382538,-0.10578784255348907,2.296253023707137,8.713814127201937,-4.512589688811984,-5.814867997656063,4.276662341185978,0.9460014512344282,-0.7126727374840756,6.894636594215218,6.655979438703888,6.694922818213093,3.3646304680376637,7.506912092773282,-3.994458401689724,-10.29509087902855,-3.1081234122797543,-0.02428435184517685,8.559529918860122,-0.5498559675654586
52,0.7809870541095734,-2.8792131500584737,2.22200701494074,2.8369012779119065,-4.025943431927233,-3.223156474074539,9.675643244568182,-6.183343478307432,-10.156600274297656,-8.067841190008485,-10.767175783916395,0.6375625693068212,-2.4936938781519324,-5.703846948487418,-4.651386079359419,-0.48313539528420996,3.1812594336818676,-2.83897041696675,-0.24392377296272588,3.53003922530583,-6.239741872463908,-9.718659275648545,10.438104212284088,-9.80425905755588,3.723833911272944,-2.094977992529772,7.742956448574455,3.0023903968382855,1.1513008901051112,-4.422771368403824,1.6265616848760722,0.8720230575726957,1.6962139514483967,1.6755897554816033,-1.7717673433374386,6.247617948420194,10.171904586103498,7.607919775709814,8.602183022669383,7.314608848824793,-1.2042330263220533,-4.385959588751501,2.558225937947935,-10.680596265865832,-9.55961819814176,11.681073260550596,-11.816126092356079,3.881480445667189,-6.38979138646807,-4.682315502239733,-3.9524677456641686,0.6003060933886742,8.593087524175644,-11.162784813618174,8.683050870895386
53,0.35287442316814344,-8.24909326008388,-9.421471859119377,0.32979196492506535,-4.466001977877958,-0.40882517002066787,8.237288703115619,-14.02563302614251,-1.1349270301966035,9.651761154739225,-8.011227531700719,-9.833026311227254,-6.2565309744404285,7.616814917447615,0.7075230321105646,-2.971150427448506,11.804522564216535,-1.3564630053481277,-16.465525337627955,-12.015375786289876,-3.7969431211335625,8.710804356604207,1.902640551328659,1.1709292024678113,-11.018901233770409,2.7660518261242886,0.42919751576014925,-5.6973037978216095,4.5837046546595435,4.605642006713516,-2.6547900474801356,4.790822988870192,-2.6835773356106816,5.31774576358041,1.9461059886582044,10.592667684263112,4.931579167745551,-9.623890158169123,4.459741413897397,-3.01518605862345,12.956787912061019,-2.747653494075853,-6.831782764318038,-3.5872591143968156,1.4550017398230883,13.635510517018181,16.533653244680288,9.934579107226158,-8.415008600877256,-2.0466640287516067,3.708449967053472,-6.638915956020355,-1.0652153539110203,18.442840888792155,17.197231003216334
54,6.815127798489162,2.6394109373189965,-8.38983606136575,2.549898936432235,1.9019042715734364,1.5886141481448193,18.611069995529796,-8.486540031372284,4.164987768331657,-3.6209571927177664,11.862246770791861,5.91306815950238,-4.691579018320356,-2.8407912324277724,2.2460821039822636,9.714965272922905,14.143089773703595,1.1760399034436868,20.13848043582877,2.362416862225046,3.686568554566831,14.869597793708802,3.5388995080578085,-5.044226412262235,-2.550906565724587,4.258072999058937,2.2000234044936238,1.8967793048644552,-4.902964123657772,9.798654648114224,1.2650537764539524,14.765971042671982,9.71455557918062,7.941418054152508,5.049755140226715,1.2020317656653268,-0.6292516577000521,-16.188553917164704,12.824369098458972,2.134670554375162,9.455723440160556,11.690755239174683,5.415137700280365,5.814726572255699,6.5430256651372325,-4.550006828746017,-28.326813618747554,9.928938559123448,11.626223848790538,-0.2363870423667285,4.170207481603233,8.23294850940607,-5.371701679059437,-15.778773771865028,9.786736228028122
55,6.517992725177687,-2.979396584082623,10.669941858369477,-6.750640071168238,-5.225598013218568,7.921043269488276,-5.158937191476627,-4.243234607638145,4.198370973066408,-2.253843960257209,-20.929425852639334,2.1139617446733983,3.3266136007649556,2.592470390151958,-3.376141433813134,-5.621212874140058,-6.0722352193326365,2.4324519584639646,2.133218520758103,-2.4395800901918996,-0.23390530688422068,-21.67112224929187,1.929083721978324,3.4539557028637855,-3.863607735049968,0.4192559977575224,3.3598750034461218,-6.645998415214066,-5.308193195839317,0.6828990602979854,0.9439631402492523,19.695631379983862,3.319150456360408,-7.104088056528447,-2.1466807534500045,5.851116350718907,-0.12361802191150431,2.2103521987339674,-10.139146945914444,-0.7212288319608386,-2.60598482723747,-1.1966456478955794,0.0012803247996738978,2.137319137703399,-13.834245146537313,4.811257228255272,7.719496774430177,23.76348853111267,2.8050175439186242,3.798494354802735,-4.159672115226181,2.610058130050192,5.7717082961937605,0.9551829666811593,-12.616892459441205
56,-2.948709255578567,-8.621893305255442,-11.425308181315053,0.9794992745226744,6.388896495407941,0.05299908287671148,-2.214691248475289,3.5855560279926477,-16.34810221195221,-2.8981703736116082,4.22459096203045,6.754825438163718,-4.9868202343279,-0.04197336702930684,-0.9375666063659045,-8.34802351010089,-3.281234014399198,6.4596496102761245,-17.08073881937533,-5.539096023355212,1.8054059663293314,14.080712683346807,2.804439740521567,-7.4429773286897305,-2.837662477882541,4.616082411031334,-4.865740377684029,-11.549776978638707,0.17931411460954316,0.2085532935298219,-7.23945584345837,-1.7820218427448857,-9.031200630324227,-3.067913996930025,-1.6857379484085404,-2.5120208517325167,-5.653139200479704,-3.1164635249546597,5.375640483535066,-1.0509790334166313,5.1202307842215715,-1.7343100746333295,-10.856658802652845,4.785254144775016,3.2895755418101134,-5.277057360629646,5.305646644563091,-13.17006502589401,-10.056952107925804,-5.666217187229468,-11.589559765494599,1.1171949197899322,1.7673573565422271,-11.093555670687739,-1.8617001625956322
57,-13.107721412060211,-1.661509520849403,-13.441759467124939,5.116066620913239,-8.048364352662952,-14.442988393258075,-6.582738107564498,-5.483129012341402,8.038683236861715,-4.6848421364414445,7.067251362362686,-1.8555565813974457,-1.5849794271040936,-3.7853523255610955,4.087455338361312,3.0594878829255396,0.13661452823755693,-1.6415047268478238,-2.2600980735554987,1.7182096559174207,4.285032647300739,4.806120280100375,-5.675891730858355,-4.384103742181038,-3.8291916360660476,0.16271629260510814,-1.6201058408739615,-1.446319427417249,-10.145344919696146,-2.0717765953087683,-0.9335622373892336,-1.1729850610908197,1.6297059859320218,4.536270677435155,-5.12359145739857,-10.949384221617056,0.49198609590530396,-1.7650552233871148,-10.715013682842255,-5.3537765041906,-15.783761622346177,-7.122155544709186,2.3998565406215433,-0.491215676373365,0.17669655200170012,-1.5132526901303505,1.2573673506172336,21.68686587956487,1.1848260331518796,-6.292970518980708,-10.565348277286608,-1.9914465899370155,-5.090818245800174,-14.515699223596222,-10.029044253485543
58,-5.556872921330588,-1.482221553824386,4.04080531974228,-2.660615382145862,0.5510905125007337,-14.763889744117552,-8.086328073423736,-8.190951906904882,-5.153365018416424,-4.42972091600603,-2.5467730818354353,8.117505417870623,-0.6980421977231697,-0.8467146261614196,3.1230036892300967,-8.761096466560753,-8.432855181310478,-3.0266741818311265,-8.602530639998767,1.548432114172955,-4.99698241754454,6.529075783126208,1.520171968304381,8.334289510031136,-1.8358240303944569,-0.2826007665420065,2.088693593001487,13.982428286756788,10.616596589283068,5.9358649034889375,-0.9262363712246321,5.880731273670586,-8.517244787848725,-6.52577591064025,3.1168125515081444,-1.0350271858731095,4.86496313577708,4.211088772939176,6.904860039146579,0.04217129405968043,-5.90707713487197,-6.114932926941891,-7.864789634334798,-5.528106346422312,-0.24014974370294687,17.657082150633236,4.042112115694552,23.8278355671435,5.08933857387426,0.15287538937159947,-1.9427544389452254,-5.742485973299766,14.569962995392936,-3.5571781919927012,-8.957421919521021
59,5.677287230686265,-5.007384960748712,8.341902596609932,5.598376267418569,-8.875541583007696,-2.5520401259466095,-0.35597375278570215,2.507584838605277,8.439498645310499,-1.7115683905324157,13.813844256863302,-2.894657261517583,4.378582229723736,-4.891006734108134,-6.423698218501344,0.5674392660053409,0.9547335468992895,5.57414924976777,18.45860246736176,6.356560001567918,2.3676739772971795,0.1957051548346573,8.660723498281168,-3.7410482014244306,-0.9407416618600184,0.4007942792104215,1.2180150196868547,6.479344484757404,-4.0723414080483575,5.091522803416058,-1.8217350858814862,13.344365849786875,0.19525647710780708,7.0849579286818605,3.491791587703082,0.5976955245952217,5.64566611027231,1.7455464487477226,10.354465393387542,-1.222808095949645,1.4832566465650285,1.4126456793473692,1.3966520392164892,-4.257133335179212,12.21320839013372,13.42733567284078,1.343611520163867,20.882899075138326,-2.491357238925233,4.866273359376557,-2.8403606664161294,-1.2174184127729766,-6.5579728861244355,3.0921590522843965,-0.531393259155507
60,7.450754956323273,-7.84367087422585,3.028891650921836,2.554079041189077,-1.3045464717611974,5.566764635090926,-2.3575534917870344,13.752302838831532,3.4891322255134583,-0.2845299243927002,-6.545749543272719,2.1670262764911263,-1.3414603137240118,-1.219040336049333,5.111552660068383,-4.844425115962418,3.2218425949009095,3.1651261923264484,12.440591430177493,3.892231952779147,-1.3618196808561986,1.5746129142994783,-5.708008518024367,-4.704104751956706,6.255839612410993,-4.840250581502914,3.236877821537913,12.027594968372462,-2.279912500965352,4.370731960754005,2.3588034985016804,1.6484447519998162,3.5747847636135255,0.29033880102999354,5.182621321507862,3.942543774235005,0.8362987649684049,3.7975747080481783,9.313637405633926,5.247901660447218,1.3573262791852563,-2.3204770091236853,5.148623420267689,-8.793990552425385,3.219861325560784,6.224112901152397,0.6456727665297839,-19.16032112762332,-1.074424649987902,4.499335451393711,-0.4814387389591762,0.5987767583253433,3.908996989532393,-1.5329255717141288,14.480826516540683
61,0.47129279983286954,2.3915292898915252,1.3322933206752854,6.478470616650824,-4.377984130717054,-0.4637451991058734,-3.837594455602218,-2.3547149750651144,-2.6675729338003666,1.8353884001167453,7.607952232263526,1.254176710333143,3.1704470235474256,-4.371568536271854,9.826954259556167,1.0965635277787034,-8.502540663797028,4.248583370325517,0.15166321336006633,17.296715608664922,-0.34693485407196745,-6.5049169100060755,-2.8021983224518445,-1.1289185894539162,1.6891124345818345,-0.8163878491946629,-3.7098617407740377,-1.057557542713321,-11.286590779314237,2.533248273845838,1.1816214239414857,-14.507986665988454,1.0916733638364442,-3.746081522532872,-0.6055977308020299,-1.40817869439417,-0.23302990076493243,14.959296832279284,-2.516697054310721,5.599171914616409,3.6427859003294487,1.5667480066114543,-0.580895318934808,2.2936667641814874,9.955189352132836,-8.817787332194191,10.483646114869993,30.86341043394439,-0.7459232594285693,3.0890112567921073,4.174984925255483,-2.786156036111773,-4.482597292685996,-9.554048427513667,8.40151495836219
62,13.990432283708028,-8.223329639860562,15.716772091631986,-0.17862579408957033,2.2891613068249153,6.5004014105212935,-21.660376047601506,5.9592705216943,4.48434800213697,4.533150222836708,-13.222025829006215,1.3397861177823982,-2.2243043001817195,2.7880469229148357,1.2982714498529628,-5.314256923235193,-2.1821702698967895,3.5189489663331486,-9.69428707689655,2.7577691932722015,5.555103753902475,-3.523299595531152,-7.377343512311274,4.4217712818359844,0.6111810137422717,-1.803781785755133,-7.247290780349654,11.106520735487646,-3.9503423297891813,0.549337451555291,-3.204906457236835,-14.551271326687871,-2.6971878956775277,0.8906646681075193,1.7872148946839936,9.25402244469341,-3.2473882284699656,3.452822359240785,-1.6580476079668318,4.759120394836883,-2.221610183010296,3.648838451930455,1.2746826154845101,-2.879157939735724,1.3146952171714938,-6.946444999198524,7.706609659334075,11.99442647610392,-3.308696907393786,5.537627653199799,-0.9594727614704444,-3.80073771671373,3.4311674238771808,-12.633830141960358,3.8509335761167565
63,-0.5991459050957038,-10.174112374685249,-1.6886062990037762,-7.182540273788024,-3.9053551858785203,0.11128767047609602,-5.571128864069374,0.38008102075177796,-11.89192668074856,3.055626684305619,-0.17001241270680817,-11.74816236568957,-1.0367776794853258,4.664837457695786,-2.089524941784995,0.014324745999611154,-2.170667603307841,4.16599856997479,-0.6549498137010603,10.05842822911788,-2.494298804779442,9.21179817525708,-2.7552322691344484,-1.788831572143399,6.733080070731895,-0.06278959783364316,-0.5106818478326408,9.163947660932127,-7.431859035120935,-5.386444032800441,-4.771464276070497,-2.3084667762931512,-10.239529648909764,-1.698282204112228,-0.7214494286751261,7.759718578688952,0.7126126088658158,10.509179092791616,4.709056487344966,2.3354072704607125,4.896710547257443,6.978664137270986,-0.3792520352468199,-3.6540433545501863,13.15870065966203,-6.680671089765977,1.4489449554560137,2.6479958368807424,-11.451913978220249,2.009474523213445,2.210686229929632,-3.6819002482355856,5.003150077498689,-0.703554284207675,3.611514090275278
64,-5.5280420152204375,1.2224546369849418,-14.692051855885254,-4.3606128830994875,2.546590237137006,3.8826293048201777,-14.12968997991815,0.11892964554076292,3.197526526694395,-6.335641886506762,0.40684481786221877,-1.393034146661509,-0.035546683763362924,5.4770989418029785,5.2750828369539615,-3.3540089969732323,-7.83244761033934,-0.12534247612466617,12.037917151743052,3.812589762162189,3.0048926714427617,16.761878379753657,0.8254512816059346,-2.5261839810682805,1.166436452038434,2.3748118270720755,-2.141017580518917,0.8933307674466348,12.357428322033007,-3.070456616732539,-0.593969931255798,0.00653590444399386,1.9521612099238805,4.414593005666927,-1.892933085864904,-10.053795432557864,0.712948739528656,-6.863049291834539,8.881832344191414,-2.7659530682223186,-0.9376476397927926,0.698531949398469,-1.4619190273236256,-2.9654241642173456,7.4022298059901415,-1.27998202278906,-9.021837302920769,3.4364803027437656,-1.2452013176314685,3.655053800162004,-5.261770264226563,7.144060716641192,-9.809333742273097,-14.01697096775989,5.734051588846713
65,-9.822389366675397,0.06566215496586293,-1.4758035160449086,1.5919883202533334,-6.455173603734192,-1.5079468568710952,-6.408319833327313,3.7116016222506154,2.7445080961499895,-3.843594579064116,1.1181128073711784,2.8355158690591247,-5.690910526988458,-4.475451457257173,-2.4946080166466382,-0.15872046290611735,-10.33609411363699,-1.505370088985988,-2.854139782944504,9.486926028923113,-8.981065737957858,-4.7697814727316095,0.25675673144204275,-4.152256897213507,6.313327423772034,-2.5467799342408473,4.631183474951861,0.19641912956627047,-0.8913800533936949,6.011030926996348,-1.3034993077685335,13.163123846054077,3.095063722863489,6.927034216267722,-3.9450667257211647,6.397427037966494,1.092539838382176,-1.1944202233333976,3.329332828103584,1.7950439477453426,-2.048032915105625,0.32830431525196346,1.0151500321772633,-6.029956332274845,2.840645444636442,7.384119836651549,-18.151355551213634,13.85651558637619,-5.867907889035283,-2.4155661828663884,-3.901753479044656,-3.1257635981452707,5.45877098672244,-3.3814203471553568,-0.37637563141024843
66,0.6516698440726922,-1.5988807474472084,-5.020705789935832,0.4705962636032883,-5.674413076468876,2.6133789827629013,-3.7242491172284495,-9.766544822527438,-3.29715580964575,-3.5354774545650094,0.20339185151518607,-1.6923540812365863,-6.447014916916283,-0.7520035553951653,-1.8872871836837457,-1.1245847627216456,0.23075480120522635,-2.4875557970027535,3.6097657145286095,5.934536858480804,-1.4167048809479694,0.979465089282211,0.3551952011731206,1.5969430749513664,-2.1574859655633265,-1.9378827533551626,-2.046886681293955,0.5772926393820315,-4.219711064075937,9.83832473535927,-8.532558975779281,-4.237305719025281,2.6458816832425645,-3.8162929884025028,0.21599400590877144,10.678944574326884,3.870366957722878,-14.018894219885068,5.997609887196093,-2.551462230633716,5.914058470604371,0.699277862450298,-5.80589274879621,1.6226384761382122,1.9259963929653168,-3.360028643997348,-4.657240499039085,-1.8458935971162758,-0.6779076858442656,0.18263726696676139,3.702592209285619,-8.714293728069384,-4.525244000919011,0.09085737199199442,12.117467135799174
67,-6.271200180053711,4.941067783200011,2.153728657231039,-7.4289020421553635,-1.660137125119871,-6.989550886105518,9.84434648040606,-10.410559680997109,0.18315792076612766,-4.526929693562644,-8.326623417285024,-3.2697147622096296,-5.698962696960995,3.505890319542009,1.4551998522816871,4.92535537481308,2.392634524374592,1.1485872645767368,-0.2848370373249054,-7.366824860475501,-6.365967496621366,-0.3941784245627267,-1.746638563214516,-3.6493167682569854,-5.299883029898819,2.920510014709161,-7.074284801373676,-15.615559327359103,-4.026145394967527,-1.764510045474281,-1.109075484227161,2.0018913633361155,-2.9494882552903525,-1.0485218193153947,0.3211727376495089,-3.4905389741975434,0.6618432433021312,-11.005067662164873,4.947172826650191,1.180268648023508,-5.198386660643986,-10.555055126699866,-4.100783969674792,4.063428890948393,-7.129157874657183,-7.648996907837537,3.010077386486287,19.506130875373373,5.520839189996525,-4.054741746004747,0.41878410428762436,1.9210681264497795,-7.536483330994236,-11.57601988923793,-4.672676431129173
68,-7.020676517973141,-12.24376989688192,11.625495203903743,-0.9408618424619947,0.46276029214567066,2.8407430624475283,0.586206426425856,-2.8742432636874065,3.0355009162912565,-0.20773154345093942,-13.311462470463344,3.937566358215955,-4.774233584501306,3.2548969205544918,-1.3741223374191596,-2.07824483453011,-5.464921289560746,-1.204689640399753,-1.237291118624259,-4.017764694684622,-3.0481214573682873,12.291247671964218,-4.909414562643791,-4.961559189825642,-2.2610592945497863,1.1917443841087574,1.9701953134974655,-5.670901600195437,5.774651514328256,2.7049508131280238,-2.77434962029968,6.9859877569334845,-1.8306610961349643,-3.1765657918793813,-4.107167992968948,1.8008457105986926,-4.2426578678494815,-6.895381167835119,-4.277572937157689,-0.20298439838296298,3.64374069626234,-5.062824704209152,-7.703234974218875,-1.84800963377466,-0.7152611102376666,-1.0066447306652457,10.93376188375512,20.452535010418114,-6.284863351559152,-5.63149371560739,-0.10808327568847002,2.6979893093206444,-0.056348554333861996,1.1578394989578091,-0.5633657598982051
69,-3.933738334446537,1.4197339488535512,-8.262975328734942,-3.9720564028438257,-0.714247791742792,-2.2655125102218316,2.590042608124869,-2.639010718890599,-8.321242587906974,-4.3917345632703935,-2.541204641668164,-2.480895906686783,1.2423074032579149,1.6340054938835757,1.4799487417449757,5.224267589194434,-4.281568654033602,3.565215091924278,-9.01471023656884,-1.1614826528393492,2.5607725229798532,7.442225276207437,-5.476804676712776,-0.36859452846098917,3.6841705368489635,6.393363952636719,-5.820341488536523,-0.5491471138535714,-11.174324814458283,-11.973452945448914,-4.568912389555147,-12.302658331029269,-6.587003202462683,-7.667426745502317,2.650521378127896,-0.19353997707366943,-6.016091923856614,1.9039802377929493,2.361744364913629,-8.148881962180745,1.519005409917053,-4.531084575329204,-1.406178423336574,-4.576801139481214,5.082397440258338,-9.089712846948176,-2.1841312233282597,34.33241500903149,-12.080525860494497,1.9232873880133337,2.0004152249620883,-2.951507458881456,0.3597217965490964,6.816471374764735,-12.314402687306307
70,-20.932040129389083,-2.13088118300146,6.577200676561619,4.370561928773413,1.0708648650621881,-6.3545874381551934,-5.757425442033885,-4.060234833736809,-3.6055574255938434,-3.2836595694629516,-17.89031929142621,-2.832614646882427,0.1950565460993319,-5.2071069837832935,0.9326613022356617,-1.8809225011845023,-9.976767042461706,-0.8102523571982676,11.140146671053099,0.8093300692889155,-1.3405711188608287,-0.1393065647203095,-8.984141290796046,-5.847733236089045,-1.5862096621065724,-2.8786319275291596,-5.8709716342237535,5.063394499676568,-6.975844972595876,-11.051433942755875,-3.4907720215162454,-1.108309453847457,-4.117722006476655,-3.443219540678725,-1.5407811384267953,-6.854088182352027,5.0783408054587795,-2.5205912602191067,-5.595219947853867,2.56694242662313,-5.951181611236261,-7.625793285363791,-8.456118042675817,9.016397721913396,-14.768782482919644,-15.404304530091432,4.476715823217314,18.348792299020047,-4.444423764069774,-6.122884679205564,-6.843081643386763,8.159911244537453,-5.42147978015092,-16.794622564802363,-11.959930677803195
71,-2.9646462737297523,-9.987971304858826,7.53747525446269,1.5241642874114367,-12.594045856169291,-0.8392609734924472,8.82502156435227,16.811504778205133,-0.31428946280965997,-3.4263979226958994,-14.075483254023961,-6.267491936683655,1.7729654246751143,2.725997665706946,-3.3513601483130944,-9.095071544452589,-1.1787043116530593,-0.9361993305537165,11.959893293526708,-6.046481096014684,-4.246156215667725,-6.116674694479729,2.361462247614958,-0.8114689174963503,4.233674816407111,2.2124330000001557,0.8046257812149671,11.797942913308436,-2.6251674934613463,-11.460706107470454,4.230556795183493,-18.883730809299312,-15.689699115497726,-9.777779223967572,-0.37049917815899364,12.706260925044818,-6.741509892502609,7.838670596442356,-9.153943158591128,3.731803846602537,5.571855742408305,-3.212353129167946,-6.405220062757025,-4.539694203405964,8.514817853363192,12.024488064099332,8.55851743111805,3.210153190457091,-9.019170362730415,-1.081161123149249,7.784395124231066,-1.4516477566592547,11.385895530180056,16.900510812292293,-13.903150747625196
72,-6.156975264451941,-0.4448463349622123,10.459038366924743,-10.518461310133642,-7.544688425501999,-2.1383490963858,3.706565720694406,-7.044786764650929,-12.124554220510989,-0.5291881071669715,6.9582221894239895,-3.3372418521618354,-0.20496087536519889,4.9782564323300456,-5.87183012889356,-1.2154992463029162,6.495378542919548,-1.0542603928443728,16.85017416086428,4.234518465643027,-0.877640996660505,-0.28543550445108995,-2.2557525573944557,-3.706876187908406,-7.902088007148431,7.616554607542193,0.01612548499691243,0.8594831532361557,4.6042073757520745,-2.2738841309839364,-1.4067110230728073,-9.85276795710836,-3.9879138810294017,0.6264951764320841,0.5346586132536129,-11.316389975119002,-8.619812074364448,3.075396069002395,1.3256997940491657,-1.5651070680849406,6.926570222694046,1.416720725139793,-5.813312883279761,-0.16939567820150025,-1.0581412582981342,7.337301371048908,9.625802645573811,5.588934513987327,-2.3276143615343132,-7.6057915797038955,0.8050790210159458,6.535835872499311,0.49548106777424716,9.819844952043223,5.232521976743426
73,-9.19576466326811,-4.163945951632091,0.039030267876021714,14.715053313848923,-6.473669464186746,2.7635552858819765,9.579328994361722,1.4155472000034488,6.423298013605634,6.80643718339959,10.240866311958857,0.894458394041475,1.074052436011178,0.3584849856584808,6.80966132757615,2.7546318860686556,-4.821435805486173,5.615616290430937,8.602769245602646,-4.495215169021061,0.27246169776332624,7.861058916364398,-7.04432199439224,-3.855185731551705,1.4214698682938303,5.214339830437485,-3.7880656719207764,4.62593188304074,13.091686920243866,-10.207683879501966,-0.5347261247890336,-20.31867260957251,-6.636080521710065,0.31196748602147006,1.4856489223180984,-6.8423371813735185,6.939006927062054,2.3627148428741767,0.8137231870573394,-3.9791168670873254,-0.46767923600819644,-1.9984311698650827,0.8022912229810443,19.803515232339198,18.206344172662618,-0.6179415498461042,-9.158130024160657,-2.9028031777362435,4.47527103582207,2.134288681366918,6.1575561719281335,9.903831326231664,-2.426569768360683,1.351571066038949,5.739235138406559
74,6.209312303333866,-3.0246694784383386,15.330657220616633,-1.928534292444891,3.627219169723744,3.036709188198557,-2.7971026368287144,8.334067164026962,9.56880149062799,-3.8929742282750657,-7.890047596425426,3.7888122110494544,3.583726389675724,6.186980426919703,-1.1907521139602273,1.5727467147671446,2.205142617833858,-2.2672052404710223,0.43870024595941814,5.007026809818891,-2.6080428763311736,4.396488015140806,1.9204158758630558,9.230616766503271,0.4718756578406509,0.09376226905353215,-0.2075299992777255,11.221994143359515,14.918746634405487,2.3229987925412705,2.182844640040884,4.082767157530298,6.075505165421233,0.9749847760005873,1.1181179193817838,13.648687352027212,3.3450650990921624,12.160869248059331,5.86432596980309,8.277703398648573,5.258335444848148,-2.9134360503177255,4.302265805553417,-3.1689446677966995,-8.196825428732804,0.21439818703398414,24.958181378792744,5.914697868483407,8.24788658898704,7.297176923070635,8.837311399226286,10.03633935475836,11.775120182304967,0.12847904161531098,9.822004211192228
75,-2.4876004299338983,4.446524935717485,-18.20876439736814,-4.573537077222552,-2.5284902976483714,2.035733011304116,6.750788047301526,-4.438748233172358,-3.364372967457285,-2.743919626486545,5.455977526322311,0.7971786961567645,-0.6834365199415051,6.9125345288490765,-5.116271915484448,0.48413198350035413,7.140696217819136,3.360076460607198,9.174219481799067,-10.70449253947151,0.866463018315179,2.135883024760655,4.745464410100665,-2.015326584784352,0.890237343554594,2.4061505843182,-12.906695951004417,0.18973549896357012,-0.8740481685618965,2.841149594102587,4.910524902295093,-9.874717104191683,5.614402622592692,4.8219510280356115,5.09612936200574,-2.7339355196727784,-2.846558100106765,-5.98090154402034,-0.7078018535156639,-5.7820821136844405,7.3215218271527975,1.027532301995219,0.1306295583442766,3.687822705628921,15.258734904989904,-10.478087206276095,-19.604959402765548,-12.848873212021225,0.267120361328125,0.004713028061146639,-4.054074284981708,1.8271317469830415,-8.145207886793175,8.47205463234259,-8.041125804185867
76,-5.978589305464102,5.494193945612226,12.943270039801694,-8.555983273350463,7.213347136822282,-3.2094572554437484,-9.269100706188047,-11.162429054172671,6.46118934178839,-1.9110234252044134,-4.729926595274283,3.5085328975502326,0.4714910059559102,2.4912655478229326,-2.7514872623949636,3.73206388098853,3.2471931661878313,1.6586413319621767,19.566058330389918,1.3978449589743907,0.5349360924138098,-2.310117943250403,2.2862585466735217,12.446293077906784,-1.576531859076753,1.647830345192734,2.0716145884017556,5.152331282897872,8.716137587415929,-1.148259321037604,5.439858253817169,15.797844879177152,-0.792444605000165,5.562179142115068,-0.23695180139371327,-7.738569871503479,7.412046521826058,7.894842290371771,-1.8685396818482145,4.029420457932414,-5.7316967556063005,-3.8834928480946287,5.694561696174193,1.6136170297252888,-2.654578965537402,-3.6795360360826765,30.480415836280706,-0.6563438712334146,-2.6279661205350138,1.7092882770360733,-6.011268332296488,7.1149667391971665,5.390579711797894,2.174479939347627,-4.427890665677129
77,-5.0515793817383905,0.6324090978928975,-0.30582353290246456,-4.788160327137733,-7.390731402805874,5.739287260843783,-2.1841076831428374,7.929519092702136,-2.991075498717172,6.781877999403039,-2.8840600738720017,4.870411074359198,-0.23687010760209998,3.5713565276593577,-2.567133008217325,-0.4726158684613753,-10.234818237016396,0.4880963399702189,-2.9636190095726325,2.1473765826346924,1.716550282069615,14.301846540704066,-2.427477771530346,-1.4618294433671601,3.1996217667296225,-0.9495987283940218,2.2762473535781003,3.3605039180541527,-4.722502653087888,-5.1149483905458935,4.011718099214593,-6.5416746991021295,-9.595176171283333,-11.219098023005895,-4.010959610647085,4.179908605254426,0.05476158857345581,7.910985655930578,-12.767821081438843,4.86266165120261,-0.3619062553863136,-5.867270774987279,3.0147803133847764,0.2283650798609062,0.6149386087698596,3.569785996359222,7.942766616539079,17.84628940601738,5.314272302602019,-1.714908357177462,5.188228682690889,2.381013762129813,8.886662132885991,6.807502000003445,-1.2698312499085251
78,-11.49488619638949,-2.399757216703527,-1.9181957584330622,-1.433361196168223,-6.29144720520292,-3.337528202055516,-1.0923518270862347,10.436810362095736,7.3368920258113315,0.8701190933281061,4.421567299232191,-6.029068232228865,0.36558084676460345,-1.0522726676901992,6.004826570043758,-4.864313718387667,5.79434968257437,-3.4622088536924247,-4.598072421794035,4.7984997326014,-2.635008557652104,-12.9409139010371,0.5951934687945307,-2.962455199233123,-2.7369109755572008,-0.9328646051640413,-3.794658884710195,-2.381888598203659,5.6589590165079855,-0.25148563968892,2.48239312396974,-5.809837758541107,-4.7265728833724046,-3.599644813610583,-9.208937399241389,-9.155327680159589,5.869350404155497,6.640557645534982,2.3564549076313877,-5.744478332753084,-4.024249743442146,-3.294329443756415,-1.9712902307510376,-0.5611214485703683,-10.542067233701141,9.519816454575986,15.037450345195069,32.88651037702755,6.121375135621246,-1.9211781061425501,-3.0978975831245887,1.4084280235122661,-5.549494015927217,-4.7005024004955684,-8.44522539693482
79,-9.1130163772982,-11.364665161590187,2.2290205438526307,8.046540136239967,6.946293434318231,4.876066519897812,3.44243700163705,-7.316235802611526,-13.038570568269613,0.0368913469874129,9.217799872768168,3.1558765264189974,-3.246962572428949,4.306012837254271,-7.161607715548302,0.39624134618408824,-6.615999016834765,0.23176934524458281,-10.399485538808667,-12.619648476340332,-2.371894979963497,0.31878970837106513,-3.1806008718451677,2.0719670215431525,-0.9208294177541927,-8.707552245685033,4.450050194044502,-6.068994502631986,3.96190223827654,1.552197284844457,-2.3759253201436024,9.233648279491735,1.8852104903483877,5.79194192740382,0.8497897386550903,8.402626839219307,6.638952525902767,-6.0331270110850435,-1.3903083199140978,0.32206652815244635,-0.35876165725746934,-1.2644165395473947,-4.940243730739671,5.755265471886616,-8.529876217626187,-11.863298069457619,13.664151293890816,7.03380195522795,14.174867328332395,2.739364735934199,2.205146145151586,4.9451956061684355,-3.0129564933630886,5.06076838897199,1.3389804630863422
80,-8.389925009247904,9.06528428136086,-4.336287300501551,-1.03812030710432,-0.8667756688533997,-4.174799144876246,8.397775888442993,8.176801729567197,1.3696742556533035,6.564434816186526,-2.90196557677522,3.0509117926870073,-1.3123756102761444,-2.8752535031158097,-2.3632902740215767,6.191090577719163,6.848784288581537,3.7639245135443553,0.4443933538028172,-5.13852457367644,-4.388996187521487,-9.36313950878625,7.449571053592527,-5.656387203810167,5.929886698722839,-1.71475523831893,9.156665885554892,0.9035099483266169,1.7917247305111008,2.8728170492211165,3.2604451367289435,5.766301330255002,2.4112779704891905,7.600265349660601,1.8725910046879126,-0.3758021070032704,5.865362938726321,4.52496490445064,-1.4141261027175553,-4.5286672820850296,-8.790658309941692,-4.579937995696555,2.7679865761679046,6.36531263589859,-5.318506504199942,9.992573611590327,5.607061688389097,28.722925134231243,5.801770816043931,8.392352786599373,2.4327417246104046,-4.951537109151179,-4.1484421053711245,-15.772052654198237,9.76818478259505
81,3.9810157016832,0.9885798228942618,6.461855372604059,-3.3632450912679945,-2.148677164194535,1.3882692474491742,-8.027419615765007,1.2433157739590626,-4.7828928819116285,2.141873772047004,-7.344369251204997,-0.6209475458884726,3.0225245514694525,1.6034432029237553,0.34728451529327703,-7.246322597776141,0.6960375041377788,3.6848910949668108,3.903794537393414,1.985343380241978,3.407557238762894,15.980254181185547,-6.137991931973671,6.236457102152766,4.7964232077403945,-5.690579707373161,3.979487433725474,-3.5715994469973507,-2.598832279747846,2.9958759950739995,4.117255711433839,-3.5608491556985036,10.901015943410446,-4.308825737359572,0.10758658817836217,8.864753474462397,4.062937316845875,2.460236646691147,-5.056005408569258,2.446915285424234,4.309645547930684,-0.02560491586218075,-1.4305810682019409,-0.3541628572405601,-20.071155713224897,-6.72287322732867,11.874811165186824,7.432777446143481,-7.940316718451831,-0.5242816332765684,13.421116868186058,0.27888527512550354,4.380797223168976,11.949183923249342,-3.3311487509279836
82,-12.322079236410103,4.655736911965876,10.591531045278725,2.4106077527513308,-9.404911434810076,-0.42975594620315394,3.0056448809954586,7.508859052950022,-0.07246668119819796,-1.1001936793327332,1.5796809123486888,-4.057527493457405,-7.104682198744648,-3.248783135900692,3.7080445216626536,0.8312142676844889,-4.640366356895894,3.286391109836345,-12.497001399799268,1.5628017783164978,-0.3713810307030775,-9.082874846093508,7.501583103014498,-5.861818472949826,9.530118708707848,-5.792009647403445,6.758046259685439,-2.973866746437793,3.10679609191661,-1.5171898183773975,1.4444568376151883,-3.0028290879361483,-1.759183365471509,-3.9036046394280026,1.2191939937825105,2.49467995762825,-2.7613115196629447,0.2030558190783676,-16.944966666552485,-3.826276493315794,5.657009759119579,1.9238222995582892,-0.56381742260894,-0.8788028347248934,-2.925634295812675,3.3116672750638454,-8.081924193519718,31.432317889466578,10.389718980205302,3.2778975622994557,2.6728423888586006,0.18143657169171742,-2.854439835159146,18.428486901886608,-7.938056363134968
83,-2.662354961949952,-7.421835982069677,10.562557841898228,6.345609605312347,-5.2868296429514885,-0.8846980260342968,-11.02074377269161,10.452474498627137,-9.045911942817726,2.769596423421587,-9.093607504757083,-8.320253273662257,-3.112430588627348,2.5993200771662655,-0.49845494299518817,-4.665993521408159,-12.601369242887108,-4.364744798565398,2.4533715540049026,-0.9351477753751132,-2.306827182064251,-6.380032504091457,-3.7673426331305992,10.693796267314832,3.6986759212058113,-2.8888895414313494,3.2027225476138446,-15.640943148914648,0.9790128150156566,-0.13801116967687801,3.2544609903528983,-19.445287640111484,-6.745703986408759,-11.01321344351282,-7.335945366900795,-9.385680660909536,-7.306664421850321,-2.98481273818381,-15.758962417743644,6.527880987342523,-1.3003434079642198,-15.175441494401621,1.751373891927758,-9.34527276851693,-17.074356888021743,5.03746435107017,16.443935406451324,17.62946250365705,-10.458234490180502,0.4976333120875821,3.4255967830516854,6.134080355872913,10.663974066474,-7.362949412696215,-6.989073312404204
84,-3.7129377394306418,-1.3504379391670227,-3.234592865924446,10.542995500321291,-2.679271865560084,9.51445128715464,7.070395700785578,-0.744427041131623,-1.8636216606412614,2.2684471347198194,13.317103454044886,4.61912598631972,6.75923385668774,-1.9893571989876884,0.2813127649073698,2.5813929469001535,2.0854960692172146,-1.8817912289226542,-9.436151600613886,-5.289565388189287,-1.9244645314519198,-13.869771251873095,-2.6418819512639726,-5.039689577659782,3.808185959348873,4.246754742398554,-1.7670755362024113,-8.04013535410774,-4.151054808983997,9.639000877433894,0.9483998956120744,-16.208407273097915,10.171734674852722,12.539514385924047,9.419991322926112,11.544928373122701,-7.7900106316926525,8.387739745025732,-7.933908408925849,-4.069196888074583,12.372102621866732,14.617495410296382,2.4604687885362275,5.8432081226183445,24.625202126953067,1.4355227436338152,8.417256441043348,10.193687166486468,8.70332932472229,8.619057377990412,-2.6009106100821984,4.614462706507469,-3.3350670574879158,4.519280518804278,15.665765881538391
85,0.23678092080719618,5.1018803721787975,0.849426160053331,-9.67455327754118,1.5359219248805727,10.078063754402862,4.054673340304622,-6.05327528563081,13.120963252624687,-4.698843666485378,4.855189681053162,-2.0682012876685785,2.8414624521926957,9.037777815546308,-0.30678090513968953,-1.9787433253867286,0.17027451554123235,0.6414627481480034,1.4792311599059982,-4.036461149095272,-1.937042819602149,-12.931085164449653,-0.5140557581064652,1.3791145451214848,2.5812864951143157,9.97420325571177,0.48268076534173926,3.7184860663754598,5.1726588923103956,-2.775738452770272,-2.148701496270238,12.86623041727105,-1.1211289143075749,3.4730995854799995,4.546208473796747,9.559698784837918,-1.4113498141570968,-6.717378837417583,-2.565335698729875,-4.987455406967475,8.641389175337189,4.527273543026983,2.7863038097109114,7.100479779194813,4.184544509770919,-4.517777112065529,4.545987806758102,-9.50373895314275,4.453879137428439,7.484732087777585,4.354309855561171,4.712058792765043,-9.565454928850642,22.621351383170303,-0.3378796501427281
86,1.0170508834476373,1.9269142451943184,-1.796429583536727,1.6925127792115113,8.111580613316322,15.154903856771332,6.6192247660792605,15.060185741405098,-4.005610483641527,2.0258583499460805,14.202730675132907,-5.540772085287133,0.8802936515029596,6.274010562775087,5.886988080885946,2.0214294935671653,1.3289788937082097,7.5567454960273235,2.971543613137031,-3.864054402526544,-1.5364916586146062,17.146469681846852,7.1286234892144495,-1.5604522806041095,8.251030778398318,4.28882635612877,4.623445636459759,6.184413766374393,2.19546819341426,0.7909590176173619,6.395275288090414,-11.635182893397857,2.5593614201156463,2.514785403499798,5.770228928449202,-0.12070533937337447,-1.8281702385569105,4.830200028662779,-0.6996202981289552,2.1933347728787638,4.93446377467136,10.084297273840223,5.800802447053851,6.361337048666818,-1.5054975748062134,-5.030971111083518,-1.7186651273193407,-20.265705934592656,1.180273700733574,1.0357751638761588,9.637961761075623,9.21355054694779,-0.8667669682478418,-16.14686960012329,2.8837666738094114
87,4.357785487661556,7.822532096763655,4.438014712868904,-8.029974820966624,8.086877648623622,12.157061692403287,-1.4264740931744477,-2.914892493462076,7.423878486363256,-5.076718899364374,-3.97547686195039,-0.6398126441149079,6.36000163822758,0.3353613761006569,-0.39570064204079763,7.512655130454472,-0.2377767842643115,1.2009800100813106,-9.465389999199887,-4.923760337488992,-6.832324243321711,-2.0567004121079737,2.8413659832915483,3.4016370566523806,-0.657078361024662,4.883963193212237,0.19785916014593474,-0.9960130726804539,9.19463420400814,-6.432587272050429,5.79770043309854,-2.511855065062338,1.1070653808360198,1.8164499511524124,-0.5557707304857216,3.9822635717537938,7.186370988585511,1.945331223765198,-4.015977966542146,-2.159443102510912,7.931614019432846,-0.7073320576122829,4.797139960892347,8.012934059512858,-9.335868517963254,-2.9186867469427535,0.7042881335530963,19.577943403806007,-4.720449184015279,-1.4008664549613485,3.9226477146813914,2.503332638010687,-1.8923010525046562,2.792937597449945,-1.8620646767774407
88,-6.708468437194824,-5.508388829474547,-16.22784671491506,-3.53980952501297,-1.2125446674775104,1.451567681468263,-6.895660642458468,3.3042479388567867,-18.909905991992172,-10.460108957120351,-16.362291199820383,-4.2480983344876035,-2.918020635235066,-0.802304786078784,-6.664161913248957,4.008854437239316,-1.352011475027824,-6.647011440627429,-18.0068543419546,-2.956498790608377,-2.1109026150435817,-30.536690580601594,-28.347328540165815,-6.711730513037468,-6.565841559244662,-0.7471285936783771,2.722933841223011,-34.42970951479308,-15.61107741448344,-18.21799921989441,-3.5626869043430354,-14.927627447916537,-11.077945483050176,-15.966978609257815,-4.095316269568035,-6.600599774596643,-7.752064765716086,-3.4274115501617897,-15.783303119698349,-4.893117617587654,-2.1688239769059785,-9.201853272866229,-4.764898267327522,-4.228404498830134,-19.248499471009993,-10.740200543890195,-12.682169639334386,-18.538808281324346,-13.11345574320579,-16.039145351064448,-7.667838593146631,-2.55413801816045,-11.780722452061516,-9.101546049118042,-11.407510081116033
89,-13.75647879635193,-2.2175159004269815,-4.454123089909649,3.886592590687226,0.5230759443068991,-11.577188136626264,-11.590188921714315,-10.192099284912858,-3.7817749709499124,-2.546638950401423,-7.498615817756069,-2.6878520046569863,-6.5635291404870095,-17.92732861516427,-5.10414716783835,-1.0023241633055162,3.036246284538386,1.048445143869945,-14.904815499879875,-11.878008843684682,-5.75935156491338,-2.326367177525345,-15.200620045467298,-6.62199179372009,-6.403398884498343,-8.931608738947888,-9.791263320008103,-10.997907096025894,-2.407823375293187,-1.8182368457925564,-6.69872518248704,-22.081354729679166,-2.492571639771364,-9.926512229807523,-3.8395003884156442,-19.507254702704294,-12.952535251725694,-10.307510919716893,-21.198752990790776,-11.551436199217427,-12.08353031472284,-21.61648187345388,-8.604362290732714,1.892351191566915,-3.721543105281129,-10.320323944091797,-2.676384200056901,-6.739841767719814,-3.0361638458407656,-13.547457004080014,-5.87038516025154,-9.144220125918485,-7.250602502451867,-5.69185812011057,-24.974567521591577
90,-4.903837374278477,0.6584661292786501,0.4349631654972933,-5.4845281453156955,1.4933380180475664,-7.490004664172932,-8.302417528872587,-0.1019025165207532,-16.333402648264048,0.12426369895740431,-13.174940788016027,1.009101677914055,-1.1521679977981412,-7.208676388069075,-12.56898348307123,-4.600545018303151,-10.96989661090228,-6.979177960935904,-5.023102183731234,-2.4810237884521484,-4.503586948526149,-10.23221190973204,1.2481628680715755,-1.8069462124638411,-7.454345220205735,1.2970069135938371,3.4809117995354595,-10.285763086104879,-1.9834875500932032,-20.702993045656047,-2.6480443926185977,-10.127656255449567,-16.817772725102852,-11.706162769879613,-5.494059776393127,-4.654907074509834,-4.389236993099353,8.128174337805534,-13.918624498406235,1.5892277641259893,-12.950426093473727,-12.541134220604993,-9.99268984186406,-1.033880352061622,-21.55865780188113,2.8259630410038694,0.8964738268025068,9.829435528541097,-10.343092263961324,-5.672089645753101,0.04447489049361677,-4.728746696394317,10.256533391013438,-4.188088210261598,-30.69473362577205
91,0.9156170609046002,-4.880235893385751,-4.0149509736469815,8.652044117450714,-0.22833280721489263,1.2060256533476772,3.6538354328700473,-5.840974120461211,-5.2730642385324655,14.129100937624367,4.256407192775181,-0.7123468311465516,-2.8413291701248715,0.6937794060427316,-17.182588601598933,7.019431191439531,-0.7186303673958292,-3.1206354872912776,1.0309809811261235,-2.392745791649332,-3.9643788894220275,9.263113377045611,-9.587824402795155,-1.2454456121337658,-4.795853924994566,2.8723336190593485,2.0493325864782137,-5.696863026035075,-1.1193832171206572,-4.638893963122855,-4.973509669303894,-12.084451617026815,-6.629296743139928,-4.259408961449351,-0.8002356011040357,13.785069522809009,-7.598170509143752,0.6770997035260103,1.325758551152385,-1.5130693389444936,7.266685076818174,3.3967113987523683,-8.73386486057116,2.0066490307146188,5.34846322390498,-12.458149918488093,4.869367541251134,-8.358186133053838,15.488677928642351,-4.170214300252954,-0.28931838790981135,1.2188011870092275,-9.10863120458564,-1.5277801727762028,9.816304688550987
92,-7.866912959789743,12.026002015918493,-1.2580678995166505,-4.732467875188711,3.040687802646841,-2.93486302680507,15.138246243705554,-2.4630886973166954,9.902545835138584,-3.479032949525483,6.184562902973623,2.9431004311357225,1.221202299302938,-3.1389488164259465,-1.8417526094280943,5.836601892296149,0.4974509137017386,-5.309736248485896,2.6836990312654145,2.2144182397394765,-2.2476557110037123,-2.2823723574092956,-2.224336309244438,-9.252969564831986,-6.717988819492106,5.0124832780993716,1.123178209577288,11.426974951118535,0.8384331489095882,-4.382018667094561,-0.7984903175003675,15.071030339416193,-8.414611731256757,-4.9235325467829805,4.22369036017632,-8.149900284348702,3.6636813891177273,2.5211601816878026,-5.341369437319892,-6.052112676659409,-0.05959266910747606,-5.60279735557887,2.2177860809832204,0.8398717118769276,-1.1522852133731454,4.056610330026977,9.544176638734584,4.6322434894284426,4.772034351010712,-0.3158699207159938,3.0619978515469297,6.003092548676899,-6.083002912754915,-0.2741081091214199,-5.475963243416378
93,-2.604188554140986,12.520650017512391,23.09141013512806,-4.627395944935935,-9.163304208492747,-0.5066561443465096,-12.738174021244049,-5.49559112349335,-1.251234701701573,5.759420610204035,-6.217775309572414,1.6964570442024542,-0.31494623270570016,-0.4163556062445349,-2.684423736405882,-2.1869631045478948,-3.8919365965590185,-1.6178770206716595,1.189195306933656,2.622341128332274,2.6901816743597085,21.454128921944267,-9.631059656508874,0.7939760727541787,-6.946826391074122,-5.6099278677483,-2.2587320774185415,8.950011861567594,2.0021665461209355,-7.69375552814834,-3.1280460698263988,-5.308523121689047,2.8871316934118467,-1.4830741103814573,-2.715337698556939,0.9937529442261677,0.017690282619121124,-5.7997961993120155,-15.610352366554494,0.8197511811645664,-2.765781889156419,-6.923248802824896,-0.5100335734231132,1.6203226983851315,-4.665230833754247,-11.262784675675995,16.266843407129755,7.493173830363215,6.59465275491987,-4.096123080472557,6.168114896939725,3.7634394266167464,-2.2546661959923044,5.84386704588423,4.724270646669427
94,-3.274330390503212,2.0748061535461826,-6.834373803467167,5.966822940932245,-2.9545203739283035,2.7658947669729894,12.48226827702352,6.24661688719477,-1.987082527000077,3.006594945885697,-3.62441726758772,-1.0469192448927431,-0.05766522154516103,-5.280926186211255,-2.2328116474102955,0.16211908204214914,3.3564221674614414,4.93608520696966,-4.244722843170166,9.427716097053217,-5.887369336522355,-1.1724017152980881,-7.384720566017287,-3.463392017903377,-0.9579677925426133,1.4057398152594665,2.8861834041926326,10.946971862215777,-2.3968058319724337,-5.704842063237209,-2.7339455365222327,-5.251116249026085,-8.567062882136325,-3.869504916424654,0.7652832652841296,-5.370056254523141,-4.629440681058533,-3.2390735161547757,-5.866448365912145,-0.9004022247937261,3.486968208332451,1.706206095537969,5.5086377357341805,5.4263648530658415,-2.6336457641149056,8.822585682479703,-5.246419013458855,15.955588365087705,1.1740796243657872,5.06316668008055,5.423125078483504,12.677066872314532,0.7600168902046827,0.11930768404688154,3.2089367344671365
95,1.5787344179591354,-8.739671419469678,5.2895896106350175,-3.346263034611332,-4.627790457055885,-2.0890415736607144,-8.073403387653585,-4.834703716696525,-4.112250035818742,-3.602542957481073,-18.508676829690835,-1.913113231561622,-1.8364361907754625,-2.578876251164748,-4.60645469156455,-0.11044937615491907,-1.6833907000872554,0.18249998424126176,-8.394234618362116,7.26606530316022,-1.4830524629476118,-15.350726833148878,7.31768340602213,-0.5844103210434621,-8.081722913043839,-0.5559693124829507,0.38673546484538485,3.7356560868876323,2.8789392685403628,-12.546184531279973,3.1774331734192613,-8.467226189618207,-5.94349330663681,-8.60781748562443,1.7499998263558563,-5.496262285174156,-7.525725866116735,1.0996044004450038,-15.173530694173307,5.697635464218198,-5.726469941285192,-1.5157894005580825,4.957107349317901,0.12004496978253734,-13.361028954690816,5.056815818256261,7.039840173964598,15.092123051078952,-10.231909624167852,-8.34517706170374,6.548509187844335,9.103708299751185,3.4514256454243952,1.249541972364698,-2.680809600012643
96,-2.613853602993245,-4.676186846227062,-9.341532925787686,-1.3082848866375125,-4.720555065541851,1.3199912388713992,-5.488177842023421,-9.010394689988116,-9.802741242914784,2.3652520646550217,-2.0549285217207305,-6.726890535321923,5.567533698008985,-5.293308455116895,-3.9385201377528056,1.3831653275660105,-0.7830754725300536,1.2198107716988544,-13.571568192267904,5.690360676269142,-5.746364559446063,20.923468297537493,-6.34852167416592,-10.107130722123749,-0.9639531706972998,-11.542131237533628,-5.000127082576557,8.119744607380458,10.808298822872493,-0.7187712873731341,-4.422397591021596,-6.024888860936067,-12.572943422259117,-6.424288566015204,-0.6515776533253339,-11.421300305395711,-6.666322396117813,-5.616756299928743,-2.781679407674439,-2.3659015820950877,6.376590209956071,-6.574776317392077,-5.990354036798283,5.723526462608454,2.3110117833225097,-8.217262624477854,-6.936031415146225,-11.95945513491728,-4.74959965992947,-3.5120768729521306,1.9567960461183471,7.521025084111155,-11.05674834116077,3.0749565369012406,7.101998346344549
97,-10.03688528525586,-1.2145065151307048,13.78364227225586,2.0064128734627547,-5.486769245595348,-5.923771466527667,-3.7774821513769576,3.258682494716985,8.921094069219365,4.353830124650683,-0.9349554691995893,-1.293330816590056,5.436543887975264,-6.149942676470216,5.8162970250966595,-0.7395492941901392,-4.853876955046946,3.581608254310428,17.055282495459732,12.050865239938911,-2.348634826893709,-21.50743501709432,6.163061480132901,-2.5286786021018517,-4.616947858309259,5.178589654212096,-1.0940049844128745,11.785045526465591,-0.763152728275377,-4.9180790386637865,-0.2660375906496632,-13.454624661681603,6.492877887219799,3.562798478165451,-3.0643805992238375,-9.584887598242078,-7.629891981883925,2.425330571374115,-8.775330952235631,2.003334012262675,-10.27864138934077,2.2168128234999522,5.756125414249849,2.733171987290285,-1.2175338754848557,7.676022695035351,-0.18339013810060462,2.5248422659173304,2.324625415461404,-2.436706614737608,5.7439519246013795,6.27786448597908,-1.0500644518404592,0.6652514478381799,-4.633700783763613
98,5.599761709570885,-11.856706786520627,14.756755176855593,-6.987302468747509,-7.186724135462119,6.295093577431173,2.2981277290655644,9.955236230577741,-4.757311075317617,7.904702785063763,2.114412322336314,-1.578703146199791,5.470032639041239,6.066382881938194,1.1817884393492524,-2.3819447463872483,3.2562448309392344,-2.093403511889735,11.57010068622779,14.113686809734423,-1.5480282280917221,0.398503800435942,3.0133971930766594,6.657992674988144,3.2751476046990375,3.4474089340287812,1.045946602310453,24.302702565582432,4.832659602469327,3.52222448952344,2.5635576236004733,8.22724189198747,10.21379347236789,4.691390788676787,4.295020762146736,18.55289782059132,6.925451795665586,4.788574805673288,2.976144652585594,5.373265976656456,10.230101455231102,6.983852155354558,7.7357354145877215,12.112477579933344,5.850199193370585,22.807033406228435,1.489940496123567,-34.640624367460916,9.114723327208539,6.803227802320403,14.165218418958236,6.434041775002772,4.664072918040412,12.49569593157087,18.334577766304115
99,-3.8392912441370437,13.58568664229646,2.7005340371813094,0.6722066718704847,-0.8729785451551482,6.369675069591221,1.160319271744514,-7.024488364859503,8.532335197438998,-1.8330235949584417,6.768590002035608,-3.8414698942583434,5.262016551835196,-1.4455371903521674,-5.114587706570723,1.8606412167071689,3.2745123377868106,3.293343543398137,6.61382533944383,9.353600949201049,4.621724142103779,-7.771254842378656,-5.307834985456904,-1.4841584162786603,-5.14443750284156,2.0046142649893857,-3.5030442573586287,11.880821968827929,8.274925869338366,-1.1301083954013125,-2.5389113487029564,6.718864304678781,5.64378296477454,5.659782227508876,-3.4590185491406187,-4.532746101824605,4.478720492246199,-5.565156256513936,-1.8819909734385354,-6.250423278127398,-10.56636660409217,2.3095875376341293,5.837432055448999,2.6476157185982685,0.47593036129576516,10.895256151958387,-4.189654120377132,5.559533586307448,-1.3551935030489553,1.5054202931267875,1.6313004889050309,5.264784737509125,-10.480290449395472,10.361306739096738,8.638157002779902
100,-0.31314191051131607,-6.501914725011709,-3.7080180994330014,-10.476635059645893,1.3062431909600083,-0.6985295893890517,-3.321792106239163,2.0142584230218614,-2.108824827233139,-10.322946312476178,-9.472986828307716,11.400018373314214,-1.2257560856488285,3.1678766976965935,-3.702044810567583,0.9768219211575936,1.4217409889916985,-7.76718375634174,1.8037436677485097,1.943520721124143,5.558351963150258,13.671754756752325,1.5380415597132273,4.130518622544347,-0.4102339014715078,8.170864488397326,-6.423640684281685,5.820611535086847,12.872228135563889,-9.634481040798889,-5.200275401679837,2.3605897875160586,-12.103669254147277,-1.2429726786759434,2.019397633416312,-2.696922669605333,3.088652215441879,3.6515398892212887,-6.191136368683407,-1.6229790316048858,-1.2469400945974856,-0.025496434192268217,3.006763209797898,-3.2311004836644446,-13.104358271068456,1.9449410017351716,1.7229270472818492,-17.80277446824677,-5.824395547107774,2.2518543667939244,4.494051632832508,1.7054306901231104,6.237847834141279,-1.8648072578469101,0.39099062705526544
101,-8.5284646323749,-7.903191709244738,8.992441014367706,-6.830097860523632,-11.284072724532107,1.4850009929920946,-2.3103790344024193,-0.3098776145857208,-8.438731655782583,-12.514217460642056,-4.566711516936823,-2.501625739798254,-2.677358547035529,-5.631329588135895,-14.364628944469958,-3.0980911153007527,-12.462753826258133,-9.101011473305372,-11.716140442964981,-1.8404385824592746,3.978972535960528,-14.940772745226111,-5.1492853389710795,-15.398879507366491,-6.89566707082701,7.844000767232204,-2.146326400491656,-8.041331552729314,-6.957399510607427,-0.8243705119405474,-1.9091982774588527,-11.775925657578878,-2.2568495126099,-6.206167132270579,-2.7304339874155668,-10.201842067193011,-8.9446344983821,-9.414668243758532,-17.000513368115133,-4.043758729282691,-5.175014540325014,-5.768073194793293,-3.2447457155402826,-0.4676010073447714,-13.169540042779884,-2.320789143747213,-4.89728185352014,26.42474171093532,-0.10552193498124882,-6.778717603610486,-6.275420708315713,-3.312476766352751,-10.506586852730537,-3.15642798007751,-10.600559009581197
102,0.8438002917231345,-7.549116320147807,-4.9259030958827665,10.430222673683751,-6.004052047218595,-3.3174750300086275,-15.498639452214144,6.799188032670289,-13.353321599717043,0.3331751616633668,-0.7227842686127643,-4.561575158518188,1.583001769622978,-1.1929546728140998,-4.4427677830871275,-13.769295223513428,-24.395595690425562,1.8393443173595838,6.457449108362198,2.8142134340441958,-1.7040920811040061,9.235509670510584,7.655855804073568,0.4050851172330428,5.891569993933853,-3.5990468511471945,-3.4022614529109276,-3.0608361163461697,2.8168357416075103,0.7220406033554856,-0.3942156932791885,-5.9718394270356825,-2.1443972447696997,-0.9499701553461503,-4.373766649894568,0.44528043270111084,1.2680902525174373,3.817660404407248,-9.376940155401826,3.888837597199849,-10.604116480873556,-14.237340914047493,-0.527673809427996,-9.900258683428472,-13.292221739584086,3.38347767567148,7.654490521367715,-10.294674401380577,-5.235836701125515,-1.926072289597015,4.606071882101954,-2.189145116781702,0.6906824184923755,-8.658243911606926,-11.22971241328181
103,-7.9740206390923385,-3.356039086622851,-4.135431041903034,-7.659525741119774,-8.932472956423856,-5.57335408123172,-5.917955599573194,6.367917784622738,-15.348863950493385,4.059559853709474,-5.171286433935165,-3.1968470066785812,-0.33364139041122126,-9.241835864222779,-10.04569795058698,0.21859217199439906,-2.234499673454129,-3.309717453407998,-4.215558684602076,3.7306052914687564,-6.563691501714746,-10.250038753358686,-0.9638665707743898,-7.037929586762068,2.0476336127945354,-4.0057584156795425,-5.710553277131854,7.265010876467033,-2.4985343461133995,6.831575870513916,-0.5367510981705724,10.073298583225329,9.667346042029711,4.8211642616257375,1.153078984849307,-7.3029734553123005,-7.37015804344294,-0.12704525872760888,-14.871558252645999,-5.793985905543882,-1.5351588610483675,-12.392373396121727,-4.124157116121175,-0.0999474788502771,-10.816098665096321,-1.6195932717955843,-0.8916626913206918,7.294738025081401,3.3507187962532043,0.1869739233231058,0.504097482379602,4.7991706789756305,-8.405355888970044,-7.64293267775555,-7.5313516531367695
104,-1.5417109289947821,-7.149908088907903,2.555500235484571,1.2036823259324443,1.8334798670696968,-1.567331066545175,-6.43801689877802,-8.886093777357315,-4.609001419982132,-3.200902769151999,-14.441042834398697,-0.9272352475292829,-0.33359988527942674,-0.034736868070096384,-7.650029508339963,-4.0468437393405,-7.248285643908442,-6.19179177527525,-2.917671507718612,1.987672825248874,-1.2024743377364107,8.629060677119664,-6.636602421196139,1.8461754735635252,2.289933747478894,-2.2618267244222214,-2.098154489635205,-3.7351616414225832,-3.489905362834736,-8.55845784167854,4.6060143319927915,-3.059924685225195,-3.295697124636903,0.005529148238045829,-6.632677329742179,-10.659429292289579,-4.707758699752847,-4.245763548174683,-13.440427118418167,-0.8259717283808455,-8.293181515469843,-3.8038143831856397,-3.342218796209413,-5.478659976653907,-4.461054677865943,1.1632768268487892,3.6170100584930305,-0.7017554973765295,-3.603541812118219,-0.30471748356916467,3.697451078009849,1.9961905868685976,-3.2247965153382747,2.6523680794908078,-2.563671343788809
105,-8.67310532805871,-5.106342166662216,-8.549762014679763,7.182232377128866,-3.4240685861025537,1.8804456266213436,-4.880701108854645,8.812088074428695,0.11718203553131648,-7.242555640181717,-4.248427931143313,-5.105061073692477,-0.3186146753783129,-2.1545170618563283,-14.549949447719419,1.5660448650620422,5.747039038687944,2.3178616816900215,-10.734943909304482,-1.855269938099141,-2.7686403503223342,5.071803643995402,-11.4631018419655,-0.8600092204857845,-5.3161909422095945,-3.306795365956365,-3.7816780583590877,5.4778203994643935,-10.20730792746252,-10.709334672713766,3.3980416466995162,-22.330111990777812,-9.595624620208936,-11.68185116137777,-1.9070962232594588,-1.526904130468563,-7.756802445771743,8.453269868480916,-10.346263965781855,1.4081471306937081,-7.123143490479917,-6.1220050809942945,2.6335149430194678,-9.206396464207389,-0.5399330968455393,-3.5939444783998997,1.441664204305532,-5.027095466243978,-2.784058784495811,-0.8440338312363138,0.24404370784759521,-1.246755921110815,2.4186371881134656,-3.7790755325434158,1.3158749676480586
106,1.130701704901092,-6.792806537935928,0.4191671171966864,5.604537522610353,-2.4892216812515136,-1.1350869439086135,-9.40665460180263,0.8082247485919875,0.41029829395060635,-3.4156123247681833,-7.419588737341822,5.996313972132547,-0.4478867327680393,-11.354269039874174,-6.175881795889261,-1.2666705567009595,-9.435076670227001,2.748157857328045,-1.0877636306139888,-11.469350933534454,2.113449463430716,-19.306657920078354,1.165385796099293,1.1955473240540953,-2.8180761191309713,-1.766164175101689,-6.557252655223924,-4.38342269586057,-0.11244353499947762,-3.0607444093543656,2.191646099090576,-6.909434544872873,6.522805404298159,2.777819576920295,-2.148234655966564,-12.174708762947393,5.378579703558769,1.6922214706333316,-5.176844592605319,-5.881502967707965,-2.8089600065532996,-5.985498901532621,5.656466335970528,0.035790543775169215,-21.79005883664501,-11.33133198168813,1.9685876372517372,9.439611822974925,5.145986418334806,3.652944666998727,-5.200772549424853,3.0142572996567707,1.6144329038809757,2.4799728381390476,-1.047629995613682
107,-8.011397686539864,0.06197011303536746,13.347274825889237,-2.874686099892976,-7.398298099941137,2.104037883330365,-0.13196830116972633,-0.012982724880685612,-0.7392059166212471,-1.2185356136487455,-2.173188048966077,0.39044125955931996,0.1262863168911058,7.311874802015265,-10.300474743453824,0.13756976405880889,-8.786291123044734,3.806428695211605,15.067022148443728,-1.8450720267636436,-5.360058856253722,10.168047218906636,3.746353461502158,5.758090507619235,2.631683819148005,-2.109126580384921,-3.268040269309161,6.077278536801436,6.030281022038995,2.109825983073334,2.8373361971913553,-7.414160213908371,0.37460756878729684,1.8961033310209001,-7.492101495971485,6.480739784484007,-4.771510844327966,-0.24812474466708243,-7.838572036246864,-7.69088860555571,12.233104769349554,3.886760018917979,1.0919942198967447,1.8995121620139297,1.4722592319761003,-2.6446940626720994,6.856312364948039,-19.160378069293742,0.4085274448200148,8.298203671465116,-1.2781648599371618,4.0972571528079555,-3.138999120769452,-2.3489691092043508,7.193318430258303
108,3.7417290162067025,9.614388519403885,0.5569652373693428,17.288250802122818,-1.059445741225262,6.526572263970667,12.798994931943563,8.584692809046532,2.068474229501218,-2.8250401533988057,11.348310257099113,3.577876010719611,5.215659623243371,5.26577377380157,5.822318426200321,2.996435124655159,-6.242695281700212,0.930048190817541,19.568758182379664,10.69112439058265,14.092318689336581,11.794126080006968,23.71112259310119,7.602005739601291,1.0752219679404278,-1.2857156298598464,-4.146838729478875,7.050157991599064,6.23599773645401,7.07395550669456,6.589609797815887,-8.759310861023105,15.482799576253306,7.465039562205879,8.102921687826818,-6.544681671930819,6.7225686299557585,4.170682471017448,-2.572450623220327,3.9477512824292087,6.594578694932315,8.094052279786188,9.046023018506109,-8.783367075482193,0.07699178919500234,10.34389434906901,3.8053251188628527,-17.58339276605723,9.71863736060201,13.350684344160314,2.2981482951008543,6.93952569973712,-1.779973999882231,3.034917405673436,3.3912533807511234
109,8.321773847755122,6.313196683720666,13.025965437597158,14.237001771829567,5.1013395421359,7.8769829416153385,9.19892343939567,16.872278698625006,13.25268144266946,15.00755962668633,6.652167216247442,4.553219875510858,9.217233216275973,9.099116023173746,4.729141505397096,4.98106634860136,-2.0372117429363485,-6.211675947646097,4.462597662088823,-1.8274140491777537,4.793868935533932,0.7052019688547874,7.21270823721983,-6.99806117091556,5.189132624742936,0.06413594800598767,5.424774532415429,3.64972554177654,11.732991320746285,19.940219592074957,2.6478065240139865,0.4042564460209438,15.446668793067184,13.277391290178103,-0.911798742200647,23.8786130632673,-2.053731390408107,13.891649735825402,-3.610038699544206,11.257679451432802,24.83095473659282,7.472144215006609,11.050154342943308,3.7920529793719857,13.82059808136249,17.077685862171407,12.567664696245778,12.220369030626452,1.2452750041776774,3.976818236769462,6.141614537458031,8.685455893983645,8.477996422319997,15.035154116397,2.394045318875994
110,28.646878630531077,11.501260146194575,5.086165381937611,0.7165530944357112,9.272022412747752,12.31635909056177,22.30398518881019,2.4377286288203024,5.008296163828701,2.1618606255066637,15.371016086972489,1.9824459187838497,4.6693560213458785,17.904479302922073,11.133643641763804,11.109549981066767,8.02407811612499,6.526795764966887,6.542073639679928,-3.313079530487255,4.746424577674087,-5.6143887219380355,0.03967706038027394,5.343057754088421,10.862761881886696,8.452901606657067,5.27932713956249,3.0252591298550975,4.169880609123075,18.815064907073975,6.425207954754207,5.827198994402983,8.36561851051389,10.335697320042824,1.8152373290183592,16.845934719455485,2.1348147830184625,1.7056646140254275,10.275125606935852,3.535850671481113,15.427497227733232,14.63638305177494,3.796231603744079,0.12601065848554885,12.26685364392339,3.407439631466963,13.489392256250186,-21.82646839046965,10.337708527336316,13.313451124089104,14.065368657361487,4.026881162001162,1.1969842576250738,21.616699599489873,30.475434147581762
111,6.902853206104162,6.9792245780022775,18.5041611845396,5.416124954515574,8.478413489985764,1.2306785729466652,6.714009592727739,6.490463739146992,12.46529440490567,0.6706800594621775,7.976751548903329,-5.363691143843592,4.453405216032145,0.9834242621246649,7.155384728799061,2.0553976881260776,-3.058246424459681,4.524060061999729,17.76220459354167,1.9950754885770836,7.32886050584517,1.8647328643318342,-2.4624688333394578,-5.478758630703907,3.5608303571233946,-0.7932127753690797,-2.3808188207295475,-3.2753349347990386,3.8674000015064163,11.95775703006253,2.703807680430461,9.995172074254679,8.662746638059616,4.561457735543349,4.2560297785973065,3.468213261390219,3.4345944779259816,7.4296538816118725,11.847822906411423,2.981477398045209,10.79446618775932,7.457524299621582,9.586322544180618,2.168039688042232,13.686126665193207,16.46357415160354,0.43008445233714826,-8.512520763338829,-2.138526047674977,3.445045838474619,-6.753536082348045,11.578767912728447,-9.585156423704964,-2.720791889696705,33.19426431765362
112,16.390222843812438,-1.9059181541812664,-2.465123608100171,-0.7824691898968755,1.896333702972957,1.091437918799264,4.737249564759585,9.861088459589043,9.925391855288526,-5.8912839184002,5.763383137632389,-2.4247217056702595,3.6496374850370445,4.306956047686387,4.8607915031666655,-3.9869622343352864,-0.16240295037931327,5.729384501369632,-4.2855890673034045,-0.9264779528793023,-0.3934595560540958,-6.181487810094746,5.868512387178382,5.414869305810758,4.162709813945147,4.354219881855712,-9.416385465130514,-9.169761111693722,-2.544301473364538,9.27132033511084,2.3652013376051064,-4.68801660440406,-0.30054312092917307,0.8132316409325113,-0.25495380102371684,3.2193406084742473,-9.031795212504814,3.4736703628179977,-0.14101170881518296,3.4426408245855447,-0.1283210783588643,-3.300150559872997,4.074775411766403,2.3285653591156006,3.785891669137137,5.256679230198568,-2.3365465232304166,31.010756057135914,-3.8109439105099563,-0.33986207660363643,5.65257482382716,3.292840386835896,9.62192196991979,6.252678966035648,4.785273174850309
113,-7.321967312267849,-3.4272377040921427,8.395511739716238,-9.01451691681025,3.8028901508268045,-3.4029876449886634,0.6902271427062093,-2.2435451539195315,-7.811515820573788,-9.580817499939275,-2.6830238517449825,-4.683588630690867,-2.234255783411921,-4.3121828826106325,7.301461445129648,-1.6090503602611774,-6.420384231878787,-1.360771087359409,-4.2205134897815935,1.4595955950873238,1.0867374636689011,-10.415588727563012,-15.628176628935094,-13.031473965669164,3.246759529016456,-1.1608876804916226,-2.9000800975731442,-4.046099525325152,-7.3867674068528775,-3.3787644259175478,0.24639494291373662,2.4180432825672384,-2.175137695001096,-8.330928375906481,-1.9667095402065589,-4.830588238579886,-0.015688228515946135,2.699673595477124,-8.742440048529177,-0.776402796409568,-9.705102143847213,-9.416880369490507,2.426417121473624,-3.3693885122026717,13.19491609748529,13.097072880182948,-1.30455466375059,14.716953452752561,-0.7484372927218067,-8.037690636454796,-2.526389730828149,0.8402704584355257,-3.3873841032689933,-5.25839912039893,10.751114360531982
114,-6.479060208919097,-6.728154310158321,1.9427662254596243,-6.51961330187564,-6.883521159084475,-3.2452624306386832,-4.664374293113242,3.8179563928623588,4.9448598039393525,-8.740309463471782,-10.041369696052707,-10.0363422267291,-6.960704616137913,-8.225580830050975,-0.5453092755407704,-6.298074118945063,-9.205781521237625,-3.8892099878617694,-0.3828026587333606,-4.452493901720879,-3.1501227738905926,3.9210630366388632,-19.489480124444377,-11.385863193747948,-6.834755387841438,-11.186942883900233,-6.526051161848769,-17.49276939946778,-10.430606244169937,-12.654043286430593,-1.771775841104741,-24.963804714533747,-13.03865642549128,-14.27185386176012,-7.365886576169608,-19.13371514422553,-13.695227664192112,5.954003713568863,-18.581017090349782,-2.5805231509160023,-15.721121366116769,-16.110416091218287,-9.49260836900497,-9.807575213665865,4.6848278787671305,5.110667296818325,5.740173723016467,7.309635736504379,-6.6855273407940965,-18.17212318948337,-9.262906890134422,-5.846186133215622,-0.994921979855518,2.47046790530487,-16.475027531993632
115,0.3526662776664812,-4.217142386095865,-5.54023389122924,1.5941219737335128,-0.7056335076993826,-6.511677985288659,1.9518870966775077,5.718483546558692,-8.783652603626251,-5.358390851896637,2.436836293765477,-3.1981980499564386,-1.7446309926596528,-2.8794699007151077,1.5099635464804513,-3.7021345836775645,-1.9400961563295247,1.7000890958065888,-3.8623776551412075,-2.948642358487966,-0.7739109476001895,-18.47305975124544,8.588101944144892,0.703968923462897,-12.804334499398056,-10.019668637489787,3.72177194393411,-1.4884008272570006,-9.910127455672743,0.776235469141785,1.1263096557587993,-10.041183194335627,10.446962451448245,10.032640701654007,-2.476391261937667,-8.70667632015384,5.037566618043549,1.2123692406683553,-5.153693392568705,2.7703458921869797,-8.6127184897053,-11.68293899905925,-4.408346515224904,-1.5908238644502601,-13.385797150281011,3.783770024624406,12.092856693480696,21.09609267176414,-3.3285112575608857,-5.566412566647846,-3.602517222871586,-2.0011859268558267,6.771586011258924,3.9893615069438,-3.6954347710220183
116,2.618128263220495,2.5679756865209464,-9.019130874045041,2.858726073892749,-3.655711719272088,-0.4088807288481265,3.540850902090267,-0.3980830919985868,1.3596461403126618,1.029460497656647,-5.134656727313995,-10.746680318701024,3.1932369523054485,10.771541581774244,-3.9443917067683474,1.5519321135112218,-0.0856021667013363,3.745515052457245,19.270487748846715,-5.4934037047989515,-3.724255793708928,6.077249374392689,7.437350404505827,-0.2631135436953331,-1.7072096655563431,2.188221151275294,0.12812714065824235,-1.2558935977974717,11.20321789824841,13.839033848853136,-7.451877170679521,7.3898573939365395,8.53075165560051,9.21038257954072,5.115549134356635,7.041301856235582,-1.4249367677435583,-0.5777331376258208,-0.028898361994295706,4.1136703159736125,12.717353562311251,8.198613298182584,-5.483760235869155,-3.88401738539034,1.0152201530884724,4.004741920500385,8.193797198485354,-20.738427809306554,8.64707359002561,-0.10223847992566167,4.152844357475335,-9.45676646062306,3.520503439161242,2.496103123134496,12.879125152011307
117,6.903471779914534,4.64755232449697,-13.362624817964981,-6.287776494512753,2.1990071571603114,-3.050731127359429,5.610801218723764,-12.269225989069257,10.41866157736097,-10.743891697148888,-0.42374126521908506,-6.925183909279959,-3.4626265131697362,0.5540701248207871,-9.687963665748129,4.912879805175626,-1.6492237752797652,-0.277588868437677,-5.047658954347883,-0.8892391089882169,7.755193836834966,1.2127018342820965,-4.242954889122321,-5.797372062329431,-6.935184140252519,3.3849355189167722,-6.7987436457556125,-7.104887434414455,-6.145470189804933,4.084092196305187,-1.716397067722009,11.641970410638926,8.201732893835525,9.487883353719907,5.310438444115678,2.5885259788863513,-6.519753180596293,-8.118398473579056,4.216432751441489,-0.8741210686917208,-0.43442543580824017,11.318073426734427,4.545529998078639,-1.912030648098004,1.5934510912214006,-15.243113622373464,-11.369080912093727,15.694866823298591,3.4735149361041127,-0.6591602379874307,-5.367377889399626,2.013872674533299,-1.3900764468981295,-3.3586980317320143,17.49719846491911
118,15.344132282296005,-4.195630451246184,-8.198507909872093,13.340448905618823,6.9928615117559625,2.8395206128456154,4.0729005482732035,5.024305106425772,4.573201967137201,-10.114129129721194,-10.245700105112427,5.5797795750656904,2.7925604839182023,-3.2398697581826426,2.0900862752174842,-5.997103546346937,-4.503776393374618,1.2261414308937229,-5.405594429191278,-8.982272842708898,4.934098871690886,-7.311443232456032,-15.969322160798676,4.394559440412084,-7.899256191843627,-2.5213177569058476,-9.54615233139116,-6.80070026553407,-15.731186426415736,4.018246018156713,-1.9104038464779756,-10.171114571240484,5.6226555619921,-1.325093622110328,0.036811829829702575,-4.706670946004439,0.8816737203421642,4.060506861428825,-6.658546013491494,0.7661903929345462,-13.384681718690056,-3.5778821796863056,2.1623036642463838,-5.271049948067081,1.6476142352104794,-16.2546285342197,5.80801532828078,-21.653096383931686,0.3502475680137167,-5.073695687006931,-2.8221877253785426,1.2018482271505861,0.053950508942409436,-9.09336408790277,-5.356513587795958
119,4.169507318613481,2.7936553687465433,-3.838307267244981,0.28522285150021925,5.000426121512238,0.18532992990649477,-7.50091924472731,-7.060225502568848,-2.1869365144140867,-10.166504312534721,-4.966000542453281,-4.3254359115143215,-7.375595872499505,-5.864299935687866,-7.960810876622492,1.9786713137006273,-0.04205484718692546,-1.8753552421623347,-4.332021581883333,-5.875969389263465,-3.4007774932043895,-8.376526646468104,-19.20774261927118,1.5368493739895674,-9.67307439142344,-0.09340224643142855,-0.4335470369883946,-6.848048123017866,-9.507203679303734,-11.046384517027407,-5.620690613985062,4.481696779478569,-13.819801458290645,-7.540861597170635,-4.70264768265948,-1.4602229284996888,-5.348600821835654,-1.7813820832846117,1.8141751483995088,-0.6774151843725419,-2.0313179918697903,-6.852695669750778,-2.1288606882551493,-8.34715134939369,-16.699696829124374,-21.5953110018555,-4.294726246473741,22.194659379367927,9.199070091150245,-0.19877636691137235,-3.0593088208412635,-5.059741546304858,6.531763462311759,-5.190190629083283,5.342040634885127
120,-4.80673210839836,-6.8666447005709825,-2.3798776865005493,-7.313535243880992,3.216610271255581,-3.5194587824600085,-0.3693740854457933,0.04792439390201958,8.654037828500174,-12.731386778305987,-0.0773805592741285,-10.111645022217107,-3.7647092476183053,-6.574764798490369,3.6450227303620504,-4.431855059095791,-3.7474486840014554,-4.483706820528118,-23.562122209776877,-7.706485970896118,-0.36660802273117765,-2.5897446688340633,1.205541302963179,-10.500050975960129,-3.873660386216884,-5.409120528065428,-4.35456440278462,-4.7326103661337635,-3.865132005381569,-1.034542712630058,-7.6125252721261,-8.755155323719492,1.2121729923754323,-7.660649888369502,-5.052177038727974,-6.01840529544279,-7.352976816801393,2.0040832610458743,5.141265836297249,-5.0574272268888905,-13.383099857641726,-5.848181023281448,-1.987244468562457,3.614925348028845,-16.649885682427154,-0.5770585409232548,2.1068259606860122,22.17665644507019,-3.965770869838948,-5.411280473884271,-4.591400570407206,0.629525537393531,-4.0581078416078675,0.5852074379823646,8.527434513276937
121,-3.3063693727765764,-8.803547970494446,-0.5091891240100471,-1.6016131578659525,3.3980503425914415,-6.765051514518504,-15.041943552542707,9.677064159010746,-3.428137250130578,-13.056420891260615,-14.96850235364875,-7.193108788254309,3.7251267408838076,-3.815126883740328,-5.390439960421348,-12.119846448302269,-7.7066206607435435,1.5039675156680905,-16.48982549686821,-5.0184143705635655,2.147870904043773,-5.608727890998125,-20.560382665420065,-7.998193068771946,-2.530399169240679,-1.4997635234375388,-3.322383507896139,-14.09271225865398,-7.703427904114431,-10.08957591470407,-2.8508396623085956,-2.461428635582632,-8.26467689932609,-7.099360554117937,-6.811942335902428,2.2097009152782205,-2.2050799861246224,6.481238782405853,-5.066007676781441,5.378590884257336,-5.413561315560828,-17.406217185666367,-4.312549811236712,-1.696156452961114,-19.13188780813801,-10.913137057149896,-11.641623679434462,-17.25895557841476,-21.971901438065938,-1.7465275541252019,-4.544352002441883,-10.047520352261406,2.3410158397591845,-12.49844276236028,-6.732264827708809
122,-9.781638568761398,-5.1159253441253485,2.707324759692562,-8.008819277189216,-1.0433633163267253,-5.08917143393536,-9.972309134444412,-0.4380238773871441,-10.070753388258876,-5.705036272807997,-15.107389222602455,-0.4308012322503693,-4.466431049668059,-2.3409828993738913,-10.756707137944748,-2.5202894381114413,-10.415167197585106,-3.720672089226392,-29.818569215584773,4.533206492054219,-3.472623914936367,-14.846231840094742,-5.918626624710706,3.1821678743070487,-4.325744078855734,-6.5050405370337625,0.11233930198513732,-4.130945817548401,-6.855890591837922,-9.76211755494682,-2.8028569391795566,-8.798262787108518,-5.764198938194586,-9.01150721969197,-8.514854097852902,-8.929657004317459,2.894018594403656,0.73631238998199,-11.149878391197749,-4.770791666392161,-12.75185873313826,-7.03931589759126,-7.224097904045971,-1.6311084263178768,-15.34037740376531,-0.22340538550396355,4.794983863830566,-2.995638910604983,-6.7310579188016,-8.242420473250048,-7.790866266251827,-13.446714452943024,-3.4481340316029225,-1.0560025484586248,-18.05663103838356
123,-9.416230611046966,-2.7325132355398063,1.1925277819438858,-4.8150419598939465,-6.482270970636485,-9.93616717947381,-5.9263215271794065,3.0584316801051705,-5.25571915933064,1.8540039643341182,-8.053245652695091,4.731655033267274,-0.29864002368888076,-4.374535499178633,-7.769267393618214,-1.6747250642095293,-6.117393426749171,-1.130663043078111,-11.309597480053805,-6.232854376033861,-3.269324679155739,0.957958849108949,-8.714415209481912,-3.07313620192664,-3.593599346219277,-3.8080162119348437,0.008435352116214986,-1.141485975713146,-6.939035939927003,-4.691216493747672,-2.354438687465629,-14.777190001643433,-2.815395860951774,0.3523259582568188,-5.2231507353028475,-7.922662516029513,-6.99307644367218,-10.363300658154245,-7.855780516047867,-2.687296369854285,-7.661213399500263,-7.6833546149487395,-2.0486931873827565,-1.4982442822383375,4.819077611349675,-11.906571154691735,-4.082209085931583,-4.178808805893879,-0.6949821740997081,-2.6180329079530678,-5.901501443313093,-1.084588228895956,-0.8308856709271061,-3.5239477291399117,4.872206081541217
124,-15.111927877883522,-1.713895552620596,-6.151468025178326,-8.98744355050885,-3.1320772797477487,-6.003212073627783,-12.153095396197571,-0.9709817262328401,-13.045377498378558,0.1696047542654738,-7.1127844367708475,3.797632246601338,-1.3383498337804054,-3.057502899166881,-4.952253937721252,-4.9749137479431775,7.941900941790367,-0.48629033489494905,-26.682890006474086,-2.6345191780401738,-12.891361591767291,-0.8356935016962946,-11.62659949307539,-0.28371540905565634,-1.5836949330203387,0.5410107270795472,-3.1669142833169626,-19.36367597461355,2.851010281212476,-10.099533430167607,2.703071711014728,4.238415229989558,2.2159978418934103,-2.874959008198003,-0.6381933731692178,-5.694933553131259,-2.2050977692920335,-0.23742982866812726,-14.17560632701735,-0.1499114170366404,-12.792249448445379,-15.99302398428625,-1.1876719098310082,-6.8248551208145765,-19.621305845221695,-0.8010280509384311,6.569890294756208,15.944893154562736,-1.4387550086391216,-2.2997441744165763,0.15972331835299122,-6.875234446355274,8.158926378707497,4.665124446153641,-15.55205625173997
125,-12.362859035024838,-8.035528182983398,-1.5476299913562075,-7.881423507417951,1.3752618447250249,-8.513667436278595,-10.049986712786616,-0.8676435767235805,-1.8981474698806295,7.975563312671622,1.5962576926970968,-3.31919434119244,0.5441728562724834,-2.627958653532729,-3.8362262772054088,0.2107648095306085,5.8396328195017215,-11.934803112429016,-19.381541502719024,-6.624992752561764,-3.5577312203086153,17.239449593485617,-9.754334783067508,1.7827712869157597,-2.984680432446149,-1.9224960056646747,-0.5451548824618969,-1.7136286533608729,-9.577924007663922,-3.206772513535558,1.2742067222692528,-1.9441279866257493,-0.9906078510138453,-2.133480259350368,-2.035879516784026,-9.27807247212955,-5.629569974480843,-6.3306987905988885,-0.5164147730232501,3.1115497928492877,-10.25911080229039,-3.98027082973597,-0.67221656867436,-4.610927501807407,-18.87902487784016,-1.0992213949865224,-3.721792368256316,1.064689954932855,0.5929711156961869,-8.406666162670875,-2.7315476466806565,-0.2974822806308464,-2.57149139046669,0.13583538361958095,-5.964554871831622
126,-12.464718847858663,-3.8716681376622266,9.612670268331255,8.940545052898173,-6.7452675903938255,-4.075858179403811,-5.586323012654879,7.633390959428281,-5.168886382056742,-6.011652501261964,0.1677875579619894,6.58819103484251,-9.795448838448038,-3.7474450262225405,-6.916485772030998,0.8899936508767459,-11.488054302273964,6.417117845343084,-0.10073414870670863,-3.5374968173552532,-2.024039789730189,1.2491206596700513,-1.082345160902763,-3.5763051765305653,5.27834064863166,-10.00880047770179,-5.978962490145041,-6.827863673774564,3.199003278600926,-6.516265995040232,-3.979366631532202,-2.701920120995872,-0.6980371304920742,-1.7423831248769954,-1.067455526517362,-0.4430498462550494,2.287236380333803,6.599238026507047,3.1883752005440846,-7.6059267745942485,-0.2080783868322567,-4.894939408010366,-2.8107980483648727,-0.5780424402684582,-0.9153208781261833,-7.030279544999405,9.536973607783414,-12.296730248295532,-2.401987615896731,-1.1740795379998732,-3.5793840848669713,-5.5983224401668625,3.4776430105676455,-0.7850728995945989,-2.415693594651221
127,-0.3318934270313808,-3.301145956452404,-7.030464924529803,-0.8143584995853658,-7.743684534515653,4.592291648290595,-0.12635717100026655,17.607872671010544,-4.19071519861416,10.790214092147593,-3.167282625728724,-5.316984462190647,3.15715102060717,3.7014591081486063,-0.26326702322278706,-4.8661476300687205,7.148665019444057,5.663460424968174,-6.2459471948843985,-6.7054034897259305,-4.485201751699253,14.366734385490417,-14.015724713096814,2.6275283125590305,-3.7199275335487054,0.716749870655488,-2.0499821040703328,-3.132288028999251,-23.603437808095194,-11.22928167849171,3.4792258684732476,-13.901385015370895,-7.504221315286597,-3.97891550982485,-3.71054914046307,-4.430227729738975,-3.6782937267301032,1.6653591351849693,2.077708507070736,-4.34992495845357,-7.204548851567871,-6.79146685040727,-3.116486125454611,-0.3723520867678584,-13.111030595034968,2.631408178988768,5.191233951826485,-12.134529357053795,-1.0353979188568738,-2.2736849193366204,1.8627824205525068,1.7524512379753345,1.0791991462512893,2.808301150190587,-26.712848412747284
128,-5.091602909321687,5.971042644612643,-5.012463452864666,-3.5430454240769755,4.653110136791152,1.5505986447845186,0.5390607818048827,-9.363214897562047,-6.483465104686971,7.647216629008858,2.7659116831361032,2.28040105735465,3.677855991587347,4.621966974771753,-0.5833727936355435,4.28324374130794,0.5035626392583458,-3.424636115529099,-8.97366984492662,-4.144220028832859,1.610113833631788,16.817821463760065,-1.7391817998521182,10.057033497460035,-2.9192292374007556,1.7107476811019742,0.2845583923008977,-2.664391964065785,-4.6917374231377424,-8.743024962288994,-0.8019191872860704,9.29306097906463,-7.689025301714333,2.533272915956925,-1.9923757266025155,-1.886253504424679,-2.3429343500079547,-2.9489221901309732,6.277673163584301,0.021130514388181726,5.327811567416909,9.422956501038707,0.7277641825529994,2.2032773397406755,-10.608278938702174,-14.333991245347626,7.845306141644108,-10.637748799457842,2.3837831795823816,7.176525770401468,-0.6287470143668505,2.4586013762318357,-0.05009594225153631,-3.243917459869111,3.75606353428899
129,-0.5726800743414431,14.130181824902492,2.239949962314294,12.721501508537603,3.6559302867675316,0.8682560190862539,3.5656065940856934,4.0443722395872586,1.6987713985905355,2.4954974030961794,8.904073036446864,1.8357059161882012,2.9049083450904156,2.133800840803555,3.9346349312334645,4.442095486637281,2.6926302751716302,10.996063927910766,3.264805239074084,-11.817915916442871,4.5647944315355655,-12.305866950020498,1.1534087750680593,5.054915438881334,-0.09072491465782632,1.3863338402339391,-3.1183279965605055,11.725149650962985,10.236823851964912,4.1108127905398,6.136657500145387,8.48710712608026,7.022991421271343,8.726167738741758,2.4324055095108186,-9.304838503045696,9.332091969494916,2.980909821026179,0.259935589469209,4.907108452855324,0.08811033742350279,2.2469402545568893,10.378935450193833,1.3697334163042965,11.890843079406388,-4.44422405349965,1.676038922703996,-8.346106757923048,16.005418911880376,3.461972634174994,4.399952400399714,5.826696437403408,-0.3753635887892879,-0.5815536246007803,-21.64409334471031
130,16.25016723573208,-2.5744300314358304,4.46773671374029,5.976538215364728,4.487878025186305,9.466430731973022,-0.2021423018708521,9.022405215976189,-0.03341038646746655,3.096147399053586,5.490821912808686,-7.580128360767754,5.415579952755753,11.129396861305041,0.42368460674675146,-1.8043037183126625,-5.592082169591164,9.617796295892676,1.5932896526492373,-0.7403628217930697,7.943019314992185,-12.900198211475294,4.930902178494298,18.62308645005129,1.2895469178958816,9.859577324165373,7.890242260329577,10.801356921694717,6.58478092356604,6.257653019866165,3.6790561152964223,6.971350611472617,11.125700597860375,4.900985017114756,3.1467176426430137,11.21444086943354,10.762496933645131,7.002061817719012,-4.687634992964414,2.774075923487544,12.693022321681587,6.99898875611169,5.406912756209471,-1.611868150380193,-13.01499456167221,11.25512667578094,2.2061262945739593,-35.064520870848575,0.5696243599665408,9.896316561163689,7.991851788394305,3.243548701004106,5.285223531327685,11.341806105204991,5.951081577612429
131,1.0132977203751097,5.055272525670577,7.44818772223531,6.726419178807006,-1.302133632861838,6.391016561690034,6.785044091088431,8.991398690914622,-1.4593716969295425,4.476832786384894,11.620929289837273,5.802478168083697,3.479719653421519,5.981354815619333,-0.2854306101799011,3.4294655861104935,4.165864349627982,2.845773620264871,12.096419549186011,11.374241127043355,3.1715658051627025,13.09643119451951,0.7402829430541213,-0.7674667531130265,4.66201651157165,1.1141952686772054,-2.2599037929000905,10.130827458537354,3.4191384546610775,5.380653432437351,6.094631088631494,2.9254064711989187,-5.614663982877926,4.662752380746664,3.4711159653201396,9.496185432891457,2.4014140176301706,9.054869845813634,0.7680118667836092,0.5449627893311637,18.127334192091105,15.22486152028551,3.5415198736044826,1.0890801463808333,3.8604302774278487,3.913837341629729,4.6765210963025385,22.650830104642985,6.195289788197498,9.824267983436584,-0.8289460751171015,-0.15141765073854097,0.212580390122472,-4.150819387971138,-0.3980568087830835
132,22.39412517693578,6.968765140796195,8.455464093052612,6.662356377864371,1.293818667226908,7.943294095141547,-3.208985761720307,4.744735059936588,6.051345079909174,1.5190135806190723,-1.143759832090261,-0.7221893128387782,-2.396132013627461,4.208112107855933,6.472598339830126,-2.977535947625126,-8.817770093071218,2.1506151599543437,10.841142727404225,2.6852142774328893,-2.1798561346736185,6.660318712190706,3.1638284751347134,4.179328935334877,7.224792473170222,10.38616105974937,-7.671092175707525,-3.9798762117113387,0.9251717134397857,12.743684942625007,9.060796917093043,-8.23492136293528,6.5980340625558584,7.244214385139699,-5.737717353567785,1.8916250467300415,-3.3035409962948488,-0.0796315524042869,-1.0326440288704268,3.7348621846461785,4.129079992217677,8.975117407283005,8.31659241963406,-2.841606928377735,-7.29012088447201,6.036818942245172,-6.358408860862255,-33.9442457927733,6.009953571825611,6.0174707624377035,5.816190967754442,3.466569104060835,-0.6647340445494165,13.238181403705052,-17.03741835209788
133,5.051851528031485,1.4584132908862464,1.001516812309927,-6.518258362400289,3.689529483567695,-4.069559063230242,-3.6987944038546816,9.965539567020475,-0.5378028886506752,-1.1142518745393168,1.8842780399231278,2.4431283574323266,-2.5238880972777094,0.05180167178718411,-1.2028191576198655,5.542080957062391,-0.9678822564227241,-0.8863748050465876,11.65050441452435,-1.3066183620569658,-4.58011494120773,-2.4549702357272714,-0.9420423517573853,-3.513511461871011,0.44662564080588674,-0.33865353966854056,-1.1520114252153708,-3.6667415682150395,-5.0380545732926345,-6.219218330723899,-0.31337807798872186,-16.053282723134878,-5.935535914435679,-7.285208147399279,5.947233084513217,2.3507721922835527,-5.343944931516842,2.140619624330073,7.923913251380531,4.3143040969663735,5.7421232376779825,-4.165249122648823,3.9107008187138304,-2.3261280813995673,-9.95099318407628,6.573447246940768,8.944632570354306,38.54275571813389,10.056784061410902,0.7575910529311822,-4.271151240382876,-0.5163277557918003,-0.35710701772144865,-2.4285739775823085,15.922440073928055
134,4.563639131279624,9.235316477259811,-2.316798152972241,-0.41682758395160946,-1.8502715640530294,-0.22132815025290664,-13.668728719560468,-1.2570748256177318,2.8212029374375636,-7.718518322219654,-4.449403318823601,-0.04489546573283721,4.285510643404358,-4.2836370115377465,-2.3091846826125164,-3.7749397797243938,-8.822007697455737,-2.6125639838223553,-13.730752928619633,-8.340424406285189,5.854725459856646,-6.272914416935979,-19.540601744943736,-0.6827250767727288,-1.475339496318175,0.7630876095927491,-7.504872541950673,-14.970545495042996,-1.2514291229296703,-6.219496640623833,-1.414332395305439,-4.567316676889147,-10.043372133556677,-7.639757574821005,-5.307729189493219,-16.672105922534758,-2.1775309376570644,-5.757032933892036,-10.507686608604022,-4.6851573616874465,-6.039650530231242,-4.612838087945568,-3.0972042404571356,-9.466524564794131,-25.927043701160926,3.924672841113441,-14.75587474205056,7.537786581078354,-9.678548818644213,1.5929408043014759,-3.075195592276904,-3.450970824275698,-8.229377996708665,-3.5302609217410184,-30.107581060759877
135,-1.8463922374102535,-10.416310434742849,11.549204485757011,-11.355355756015193,2.7434797159263065,-11.040991370775261,-2.276824316656103,-1.1723325763429915,-18.32847708646132,-2.070725459225324,6.789051385558381,3.8430696482561073,2.798794335248519,-5.211382159378798,-4.428995106293231,-1.75320780094789,12.279089584642527,-4.58685982713894,10.330735273507177,1.9249714941394573,-4.735670140355217,-4.745903124614638,6.893826516459183,-2.039974178586687,-6.6325157715045675,-0.379693047732723,-2.593461427153373,-1.7840827758214912,0.004600704932699398,1.098356421504702,0.8706261187183614,-6.95893140045964,-0.5762846725327628,1.4526347356791398,1.3983679967267173,-6.127769008963083,-10.062099919027212,-0.6215945491377188,-2.474405916977902,8.47466297478092,-5.250772322927203,-6.243231114912398,-4.756050664171273,1.4741212266440293,-7.495008096403005,10.558356770447322,0.156356186282878,14.779732644557953,-7.0580301406432175,-0.39388133585453033,0.2538242084639413,3.983184264326582,5.072628783936403,-2.521997045497505,2.134444859563088
136,-0.16163468725827276,-6.680742930088725,22.274362842191238,-8.343859456023392,-1.5258721210518662,7.217639830647682,5.3338415865995445,-3.416011748265247,12.495398699020853,6.031904992875548,14.79816620584045,5.398445457828288,9.3688741863078,-0.3796431081635611,-1.4669608266986147,5.164551294883903,-5.348018663270133,7.883977469132871,12.755551910978191,9.896784591735626,7.157799645346039,-14.778208275230563,5.187084098251498,-5.418928214481899,14.044840418562597,5.214351358462353,2.189818036799528,8.641783714294434,20.970908911860718,7.109160650141385,4.352080543430484,12.949757970413383,3.1472231514599858,7.273820514581641,6.211978129130237,9.132235845740961,3.5608634851416765,5.534696692866938,1.7999737568351688,1.9798787540319014,5.052028253978612,2.406101161119889,4.067122648565137,1.9220502267078476,10.840746450332963,28.644864430232925,6.717576599850947,-15.243056255943921,13.379527411290578,2.8920935635664025,3.2604675852522558,3.2545288057655704,0.27042119341845416,11.223905037860481,7.732124271441479
137,3.6711593683885066,0.07491623382179105,0.035983954613306085,8.641724390642983,6.486039761681946,-2.905169918829081,-1.1456446541207177,11.364288298451171,0.4973624360804655,4.587709142237293,3.7743440947248317,3.2582087086475626,10.44939137478264,-3.664717814143823,0.7474267532174684,-5.733328453132084,-7.609567378096434,1.7012952775219266,25.547752967598488,12.39389468729496,-0.15380366602722478,10.58158050264631,5.1539548191489,-1.5142803325945018,-1.436517138870395,-3.8196111281535456,1.47946532313921,-9.730908016769254,6.5903418161431135,4.987894472723105,2.236369609224553,4.350854017296616,3.1797069013118744,-3.4962912271825637,-0.006260985014389972,-3.5250917028407662,-0.3539939106118922,1.6017395744518357,10.747163677702146,12.694001661271464,-6.973367147755866,-0.4028145610069742,2.0741437813457178,-4.2007890739003,22.873418031906596,7.007724131856646,-3.7760340754626966,24.140040154359777,7.888587108071969,0.5589366616034994,-7.023216054147603,8.028521436817792,1.23176836268026,-4.199576709951673,18.51700113257583
138,-10.989812500622808,8.109554780989278,-0.4785601046620583,-9.360985536508414,-1.1341983989185216,-11.202746923480715,-2.4910191738483856,-7.4530129287467926,0.5875942232657452,3.440256023893551,-2.9189961856725266,1.4066133888400332,-0.4862099812955272,-13.937533786102216,-0.07290563261022373,-1.3590014441585054,-4.717118294567478,6.213039815425873,-9.812254318169185,0.9605898808459846,-4.892670552949516,-8.713696454252515,-30.012296555753874,-4.662134168707595,-11.673529863965754,-1.221048768077578,-1.8273790950829885,-7.802840440362996,-2.536916967557401,-3.6911382991440442,-5.987788530636807,14.190457959564364,-1.1244881238256181,-4.199605363364122,4.716115275207831,-7.910538832904125,3.6663556013788496,-0.36057793303411834,-9.395021504285385,-8.070619012932388,-6.094360472672448,-12.472249794219222,-8.800150209543656,2.388016405914511,-7.4961525055826925,6.225220624585541,-9.704389576705134,5.484804640010911,-19.370399790150778,-8.341918307907727,-8.019492461973307,-5.428662297677021,-4.3940452100062855,-8.294968298503331,-9.288099653866826
139,3.253487796959828,-15.093817720835915,5.434380841650525,1.4018113281653852,1.966564547812224,-4.957577119068223,-9.610355045114245,-5.972707938174812,-7.212543548978105,-6.4163994460689775,-7.074112312678172,0.9087328065414818,2.001593435297207,-1.1916319949894536,-0.7210779250884543,-8.662391278398584,-21.089846819030996,5.152112732128221,-8.363865383425537,2.16428043404404,0.08287170301286542,4.991999808622866,-11.658200206197037,-2.574111815618009,-3.283454785541612,2.7859183866150525,-0.8074388868954717,-7.456440673798931,0.9500583322072516,-2.820667654884105,-1.782772281948401,3.732157841020701,-1.3774656635157916,-1.7624054966228349,2.122519927061334,-9.666254836685804,-7.120761285022813,1.322384589788865,3.643705566166615,-1.9493977826620852,-5.325942749879798,-14.040416685902343,-9.895187424153697,-10.907644691059785,-3.5133555908592378,7.407899536648575,1.1557550503283132,18.25839508066372,-9.824106367399954,-2.352777105204913,-3.1945881822279523,-3.3031469851124045,6.877410409401874,-6.443657121792132,-4.975640950154285
140,-4.97991928579856,-1.6793659116540636,-0.4055068200948287,-0.9083712946395485,1.458388290843185,-1.635190446918108,-1.2808555101557655,7.46794287890804,-0.663415824120142,3.0568478429804045,6.664561580638496,-7.767732683493167,-0.19334993313769905,-6.623257769537823,-2.585605016168283,-0.4456583152011949,-7.1140298837301685,-4.3415985545333555,14.424683222357107,10.886194308345415,-0.1484256009666287,13.039144905246033,-0.3623914329373107,-9.934122461445478,0.1887660210534018,-3.5515195630034624,-6.5802929810419375,10.551419569521535,11.545265314530353,7.2412488357144955,-7.064152675319691,-5.335784044192762,6.390317278248923,3.585924567008505,8.828821622595495,-3.154475926136484,-5.9858526138930905,1.37446002327666,-0.882594291690965,2.4244515835022438,1.7287605379004867,-1.6028648675704489,-4.725368110501036,-0.49674276429779674,3.72544272152745,0.8972440702574593,-5.186475897321896,-32.38002422573615,-0.7681631344009419,-3.8770239315166766,-1.7872143187084977,4.262877691765221,-5.37761577903008,-4.941534535161087,1.1520868488112275
141,16.211989426643264,-3.805635902802555,-2.9292297643058154,2.9243380363498415,0.09815138487183318,-4.356428741952595,1.575004342259193,4.441195185087165,0.9338325511436073,-10.03839406736043,-1.9215497824610497,0.898279962947174,3.3974993745891418,0.19222668482332814,7.882116060932072,-5.057551144793326,-3.308916994199461,-1.440019929287385,9.685925671032496,-2.0246318712526437,-3.030954358833177,-0.09554169220583779,-3.0432124413093744,-6.037943747578835,1.7088273143281743,0.5761764268485867,-0.5886642434159104,2.553136480097868,1.4473630372358828,0.23615265865715182,3.7729935002114092,9.359475417708865,0.6942866322945576,0.22808313248108844,3.6046868404563592,15.529753372377279,6.778504125925959,-2.862610342551251,12.254420482382482,4.292560051290357,1.9767231053235579,3.1304667859661337,-5.978057840040752,-3.7270377509447994,7.467497005146377,-1.220962787161068,-1.223050168278266,-30.90362598458115,-2.55266134562541,1.2377698050469768,9.898729239191328,1.716496809708829,-1.2202909929411752,12.614583349349548,-0.3179838195139048
142,3.2841012341027356,6.854722472021774,-10.762255461848511,0.5821508053614168,-0.5848880884598713,6.196371950361193,3.661279263545056,1.5002029173228206,-0.6971942204601911,-11.328854739665985,-1.8543511172946618,-7.444227427244186,-0.5453126616015727,0.8465402235790175,1.2620948918011723,4.193268248013088,9.352280027100019,3.4825772862045135,9.034108324926727,7.625072360951073,-3.5595699979030355,-12.56456931574004,-3.8551281681474374,-0.04968905813839971,2.0561453134429697,-3.71662990961756,4.552570287062197,-1.884483969941431,8.011100621855988,5.504811468173046,-0.3229011023531155,-8.78266742764687,9.62167782929479,4.438110000320843,4.100459548283596,-4.431536217125094,2.7391713048730577,-0.011611890427920282,10.033077193766225,0.9305508726713608,-3.81000226979353,2.1392053113299974,2.304208444393411,0.7043481657699663,14.980260911036511,4.599604500799763,-11.659384888045642,31.938391860650512,-12.36042649679038,-7.023422873750025,3.517507655279977,5.776860181166201,-4.540464031453035,10.244291755009671,-4.073938547044384
143,8.421948705704844,-4.988625926630838,-6.545816417859525,-3.2391938147496204,14.447826776577502,1.4709796373713382,4.777335451573742,-9.916586787572928,-2.4375401023699315,0.31776452429440555,-2.1055527414594377,5.3602678128043,-2.763209008592732,7.470860669807512,2.8819128773650347,-4.122111974017961,2.972993247363032,-4.570791436701405,-4.659384781000566,-8.22418707457124,-0.36260344787519805,-24.653665272557006,-3.5367200782104415,14.982923289951014,-4.561135009757947,0.921239110888267,3.0617571722488015,-6.51938623068284,-8.801787006611727,3.3328451258795604,1.6842815584065962,5.237947822833548,5.578039478282539,-0.2637693322434717,-7.61982358718405,1.2552576357004595,-0.6939678240795525,4.007197172057872,-7.699190037134959,4.383212899219017,-5.296300900225737,-2.554756538600338,-0.05507113191546226,-12.927039794775904,5.030963855130332,0.07516636653822295,-7.517149770746426,-25.33087734300263,-6.584781795131917,-0.8190059357759903,0.4610630726935912,0.2516521458723107,5.180702327693603,4.363651714762863,1.1649048462206004
144,-2.7173046238568364,1.0330296633194904,-8.885971849062004,3.7562017878707574,5.059122605287299,2.1194645993563594,4.24653892583993,-2.0756861926341545,-6.515350373794457,2.030263145967406,-0.5981494261293995,-3.7635655317987715,0.04036397836646255,-1.2527541323583953,-6.74193118543041,0.6026515004282095,-6.696000078388927,0.5112406556703606,4.4304772518119035,9.55375839982714,-1.6744858573894112,-3.3550055610890293,-4.805120477871019,-2.90397647023201,3.4952369894908397,-0.7320110204876685,-6.539870960980045,-6.7815181868416925,-3.897038433016563,1.4563411121465721,-0.8437917518372439,-15.298762200438247,-2.966798423504343,0.4765336524543105,-1.2170112181682975,3.9804669010395908,-0.6149896237314963,6.032231511206043,-7.347531502648276,-0.9384072471638115,1.5693418830633163,-4.458188301446486,-2.6031461821831003,-6.751467147651984,12.4868106498402,-4.8530628802825,6.089196436259211,-5.28541390749873,9.23828013636628,-6.309888819042517,-5.1278747308010955,-0.9887881744272855,2.416164535648969,5.558047835011871,7.2843873245375494
145,5.084041307167131,-2.5315102082962286,-5.178387845657309,-2.519199611885207,1.2704262441518355,-2.370156470610171,4.597684807923375,-3.20403746317844,6.168315063933937,-8.183643342280874,-5.690059386954015,3.446071065202051,3.1352940441242287,-0.7447879387407886,3.669845370613799,0.7678410313567336,9.508157987983859,-4.09037449712656,-11.422974123942609,0.07376531853663679,2.0695039082546622,-1.4626492407857155,-10.533699653586563,-4.728772369080356,6.13871630174773,2.5459845753348604,-3.0381738999668433,2.0056265714217205,-8.758345873988404,0.7827842661312648,1.7020160823452228,-14.53886792854387,2.0546255063037484,3.5363295564846116,3.848401202231037,-2.753979803348074,-2.0277867159064935,0.44263586462760457,4.961731161390032,-2.9270517366881275,-7.123380575861249,0.3455044645435956,-0.2520112204650531,-0.08728559771362616,5.098423977287448,3.0909101427817833,-6.691147323773832,12.405749463001076,9.24701232326274,0.3268639214184819,-1.1712477967447164,-3.8767380008892136,3.0930953974626503,-1.1151424792348121,-8.164119215644135
146,-1.4319582447713735,1.1062390220408538,8.087703763222208,3.7195156764010995,2.392930025054256,-4.658073893615177,-8.98032725465541,-0.919342868182124,-7.727523482575709,0.6209362185731226,6.921789826179038,6.202373402459281,-5.541707502183866,-11.532533263673587,-8.927052331822258,1.949147465885902,-2.0827761693876616,-2.816100234888038,6.929824892963682,-1.1469750775366414,-4.0098108539775925,-13.158915640140066,-1.5662336872548472,-6.974566302737411,-10.574817754784409,1.9472649979348085,-6.509718547670209,11.219867770769158,-5.734041875722457,-3.7028594327216244,-4.478739700755295,5.323845569728588,-4.256939937873763,-4.31724826413758,-0.7820157082561328,-5.460078020789186,-1.8782009470219514,-7.416159815021923,3.554702307496752,-2.2849950850466074,-13.706849329781775,-14.504131828035627,-2.812172385502835,-2.233176407765369,-1.8816870219853459,-1.135811100200731,-6.745526264516675,-40.024815558170786,-13.751246342245413,-10.342890894534637,-0.9019540357260908,-4.704407568184697,2.260458772279778,-1.6557444540821775,-3.3599700806092243
147,3.380905783906275,3.04478096384175,-10.641250610503615,6.129906618321429,0.4379416144624048,-7.979520757435536,4.400554231234959,2.0814488511912677,-0.6516348540174718,-2.4970206448010037,1.994414510167375,-3.8292868696913427,2.3307431711226094,-3.7512191193444386,-0.31711315622135083,-3.6320633012421277,0.49239229547734165,0.8576005320159756,1.3686733460623999,4.977339945581495,-3.516349229163357,10.597899986773122,3.832373244421823,-0.11912528288607695,-6.155954206010745,2.0966186225414276,2.536855404778403,-1.2137890135755345,-2.7378415985375035,2.3599853004728044,-2.404389717140976,-3.2787464540831897,5.8447617146433615,5.294961790649259,-1.7350582711550655,-1.8721544645270523,-2.890254923731697,4.19982330314815,1.7887765813846976,0.5027037348066058,-3.3143128615861035,-5.03934227872868,-3.1954884188515797,-9.806954594290985,-4.346419852607104,22.239859864267768,-7.0967629284274825,26.469702640358282,0.5205910482576915,-5.464918263104497,-2.6126993699949614,-1.3689637181102012,6.909725642934138,4.57499129188304,-17.46257604324088
148,-0.30630359844285615,-3.2824754617652117,-0.12886328403647912,-5.558394940531984,6.06687039045655,-5.223728316170829,-4.991960461270445,0.7037812276762359,-12.338620938816849,1.9898410783130296,-4.59227495169153,3.8263472276074544,-10.03258498834104,-7.425596137436068,-5.2541001048699325,0.5747583566271529,0.4405716043345782,0.8596865936201445,2.771464912258849,2.4923395885496724,-3.9477695275326163,-12.852907649108342,-15.289015585670667,-7.5305662196205585,-8.592379937366564,-2.898787021636963,-0.348188653588295,-6.902464370338285,-7.012090432171043,1.2599308442096322,-6.810964585490981,7.90048298756687,9.203336319144892,0.6605923987773,-5.813812101373867,-0.12035180841173444,0.5843195151917788,-1.189112429716149,-7.483714738670661,-2.5276826433837414,-3.646245059918384,-8.76326874567538,-4.81076059414416,-3.6874285510608127,-20.26767564306454,15.22194509360255,-0.5956262851856193,6.557731602873121,-7.792897881293784,-7.679750542251432,-7.012841814216607,-1.333292335880046,-2.320387060544929,-7.614394422696561,14.381871977630926
149,-4.549451138596146,-8.778771668064351,4.451474724071367,-3.3995235537996096,-3.8766510018280576,-7.744371632836303,-9.103337540310257,-6.220921952049343,0.04789294545747796,-1.3971027269655345,-9.617551922189946,-7.519746136908629,-8.271268219363932,2.5706253033511492,1.574312571056035,1.0068259041528314,2.796985171279129,3.4164626531454982,-1.9452912658452988,4.722787154420298,-3.828940493567866,-0.835955771864677,-9.625843782814181,-10.609137639707448,1.3590130438001788,6.404626620059111,-5.803663736703444,-18.64795230785195,-10.893003979507757,0.04464062500973137,2.5545567252806256,-9.277101470499623,-3.71434792328854,1.304949194801097,-9.861555044748345,1.00458102313355,-6.379830598222966,-3.668310507219665,-8.227538682976547,-5.91758108534375,-7.621734431811741,-14.0348183530934,-5.424108212471617,-11.256550702513481,1.3230064397259635,6.95665338255313,-3.3750469891392454,-14.001991810847302,-7.142072217805045,-8.375222006014415,-1.3452562981722307,-5.76753280661544,4.252523598622303,-8.227082598574308,-8.782190237726484
150,0.6558428187759555,-5.0425165794333635,-25.313992183275367,5.078108259609768,-2.998064829530765,-9.566143589360374,-14.190238913711237,6.610730002976346,-8.148338058697325,-8.568234825620847,-8.042443472511914,1.8305590586850837,-0.10835760406085423,-8.49345503169663,-4.274827934991644,-4.385589439041761,-3.2986327437113743,-2.830981641399617,6.033760832280529,10.241489981206096,-14.508112454900937,23.202143187425573,5.095717566353934,0.47608200871214573,-4.21764153911143,-7.898921947546151,0.239762688169674,-3.201295391637452,-5.165242362995537,-4.284447552598253,-3.8575958141258786,-6.208856256032477,-4.770737542181599,3.3248130630473702,-6.678433233301859,-11.274655823804894,-5.330296200148913,9.286130047574336,5.227619744077021,0.8197987256001453,-8.837101991079292,-10.630179674041514,-1.541014681437186,0.9614424553452706,-2.712933058641395,-3.242926023444351,1.2185592623997707,40.296150631594415,-14.055812135034678,-11.38130909082841,-7.36176145776194,-1.478473149240017,2.4640403620290514,-13.72657175529368,-3.177381767302143
151,-8.181151954495178,-6.470264263299047,-6.117616407725276,0.1423725716921748,-5.009225519336,1.0474619354520525,-6.802380396395313,-1.1077465536643047,-2.469971632166785,1.175161325809907,-16.300132189478195,2.975143321922847,-4.535533581461225,1.5139645459700604,-0.037091776614590566,-9.942665027112376,-0.43933421130083045,-2.3615793001895047,-13.750072948786677,-8.930274139253461,3.654922184895496,-13.747935213604752,-8.954072010760404,-1.2883937225049855,3.1246141669701557,-0.21406953432122056,-4.406437236891717,-11.786248355039529,-11.076285817793437,-4.852882028234248,-3.3182389468562845,-17.431282690593175,6.773557153891544,-2.8221257227111836,-6.521923844398437,3.033890115971468,-6.765311517277542,2.9987180938526077,-5.0003980933403485,0.7296327121403753,-7.370549827205892,-8.67795850184499,-4.456006855988989,-6.359429777276759,-6.58704253727076,-19.079890200069972,-4.998153580694782,-1.1319261959620885,-9.991459652173276,-12.550878059347065,-13.283560047344286,-1.1427155403154237,1.4913004753845078,0.11754957206395207,-20.980315539301657
152,-8.267881232865003,-7.823780597168572,5.760073766416433,2.4060737587967695,1.6744542301309353,2.310284707771272,-6.610863758593189,16.77667073342873,-12.112603726435681,-12.927859232894011,-6.025636951534116,-2.9535767910431843,-4.29780973098716,7.0224103818134385,-5.2825352780672965,-8.216522702148982,-20.143703083602748,-5.636535357455818,1.4808325512068612,-5.131834461980937,1.6203001774087245,8.632802211508459,2.347655887962604,1.8666140735149384,-2.020199191813566,-4.229607003683946,-3.420036403500304,-4.18548645117149,-1.8860932296636153,-2.8680541782963034,0.60957420845421,-19.75893795490265,-3.8220434164514345,-1.6252799329100822,-5.506334753669038,-8.774796429945498,-3.1235143688260294,5.968147117264417,-6.717795936428771,8.697954620633807,-0.8691267565805085,-3.1348433847330055,-1.0140417765597909,-7.039604939976517,-8.908790994663628,0.10011197657001261,8.551078937795697,-27.703968337680003,-7.359784089370954,-3.402415302030894,-1.7233552899287672,1.6922648612942015,8.399135914384102,8.313908509758054,-15.054769481931414
153,0.9470177037375314,5.399277171310113,9.824888951924382,-0.3306587417514957,1.745294756427103,0.6755031852089629,1.5108999768081977,1.8788132336066694,0.08133188346210792,2.698109041063153,1.0477464272051442,2.134704494354676,-2.3285411438163446,0.0924094818076309,-4.244174228030808,1.7270481051230917,6.068113215723816,2.8674987022365843,3.599407059805734,4.9139828070694085,2.2658127692280985,0.6774876069049446,-6.1634165234103495,-0.7687872632701254,-3.4357309472195956,-3.8692100850903257,4.159293554267105,12.433609725185194,7.53553446944879,2.5782542231739782,-3.0091561393014024,-18.60813691664715,2.6407430220623405,-8.038988659576495,3.6030317703071906,-5.228787475702714,-3.810490119232967,0.5707199824403744,-6.797441007075261,3.8642982122849445,-10.404266826960505,-3.892411386480137,-0.4969235863916728,1.6969319147114852,4.611757869014935,9.95042123022128,11.38582258321801,-8.027239565946617,-4.091013502101509,-2.7649277053317247,-0.5579458604357681,-2.877816355958277,0.15696326445560066,-1.0009876831757778,-24.06829225773714
154,14.029567593214463,-6.736788354966105,-2.59661401473746,2.842286842818163,0.245668497012586,8.239605341638837,3.18979813493028,9.352141329220363,-0.6184704452753067,6.051896717475385,-0.47401407391441114,-0.6208676197090928,2.1317314116322263,0.4984756450415874,-0.3455175106622735,-0.3313940483696607,-7.181650890987747,2.9347803471039753,13.67864738191877,19.18942591365503,2.1036395929297624,7.020054309952016,25.742711534305496,7.1728739546878,-2.66546415552801,0.2550180876741604,2.5133751487853577,19.15243611773666,0.5987093923043232,2.362702503496287,-0.7104010667119708,-1.2168050724632886,3.0427660607561773,3.1327057565961565,-2.8148208935650025,-10.254650268627673,4.66216483408091,6.425095228516326,9.83110416939064,1.9328423484551662,-8.448217237482266,-0.7211659660144728,0.4171709362037328,-8.555287151920552,5.4981094896793365,12.893741450747665,-1.321231715533198,18.267418948971496,-9.538393546123894,1.1001249244626687,1.714946488336641,5.991564192334,-1.597965689946194,-3.8882020152344996,-4.3044513512630855
155,-2.9136370043365325,-1.1645734127686949,12.13239613966066,-2.5006515760811006,-0.405439521585192,-5.840938144800615,9.884426970871127,3.9925738877179673,-4.866655998388115,3.853153053214964,1.2597596888639488,3.7892520226994337,-3.8615081352846965,-7.219547709640191,7.663111920525529,-8.340509887860746,2.68145297376477,-0.73155327658264,24.471296945396734,17.31092584863001,4.73410279551825,-4.575885445487742,5.151802662075783,-6.275221617854371,-2.606980862057939,-7.538914228884542,0.7184823988651743,9.961505940982274,2.1777355488465755,4.318550131150654,-2.004139326056656,8.11728780458168,1.8740430194504407,3.554331793316773,-5.803637487547738,0.3587085422204465,-3.9911630676717174,1.5386482331217552,2.808991068479966,0.2814318489055244,-5.013891459727774,-2.7095139189338195,-1.1836246606342646,8.365813941903868,3.7901228860932954,7.918594429079367,11.752604356833867,-4.903151504847468,-5.070370890200138,-12.963836846996706,-2.267810085294198,8.598616965571228,-2.8250152736294027,10.839830414981257,4.839836502257659
156,17.48712626525334,3.4614361159655513,2.0271312075914167,-2.587258705223093,5.4051707642419,4.967396787956965,2.0221828702761204,-3.0764300306232606,6.942751658206084,5.949985026476943,-0.031181936361351793,10.63533340059981,2.977379356111799,12.088519680256747,4.16558929973719,-8.255875499272832,7.620533012613958,-4.167462941335172,4.129787333157598,7.049081410680499,1.2154407416071211,14.124343611147939,8.984318562916346,6.552332511361764,1.911599365728242,6.110870344298227,4.456627177036538,-0.034962150515342245,7.852669316895154,10.168302391940841,0.4179552936432313,0.9140650380630883,-3.7090500723190454,3.6672355879326255,-4.566417297538446,8.383408253974451,-0.6745725833639806,-3.565305718962027,7.679056093400838,-3.0191770603462142,2.0633461298991222,10.489956843609713,-1.1543343955156755,-0.9804242282193534,20.685771450704458,11.381845773482809,9.938235358164018,7.984771859889128,-5.800034741966092,-1.041542907758635,-4.262975417533699,2.5963258201978645,-3.8633393937227676,13.415544261737745,9.44929235565419
157,-4.639624698429691,11.89508768855309,1.136011358730647,-4.404243636496213,6.803992034221182,-1.883168877995744,7.765420533564626,-16.778677687353017,-0.32028658536015725,0.5394344779909873,15.331081953583931,-0.5605501277106149,-4.130581512743113,-7.326577272342176,3.2123335715459316,4.7984117914219295,9.851947822208915,3.9545149031494344,-4.676389203996075,-2.438995887430347,4.311256002406685,-12.575770593419367,-8.84287694765597,-1.2055016494527155,-5.433348519461496,-6.364163334272345,1.4142093658447266,9.192077841077532,-4.558533803540833,7.066352042008419,-2.0360287768500194,-9.915646315837392,15.422144995051987,2.4096337654152693,3.944693763645328,-2.965579772482113,-4.232498820490983,-6.260979258892488,7.063515909776395,-1.3862707231725966,-1.6949050171034676,0.9549480518516229,6.892709551417098,9.98255056264449,-9.924075625380691,-7.47356340266308,-1.7031886644509373,-9.096692838535017,5.850171786942044,-5.151278816619698,2.8029055425098965,-5.20764821767807,-12.204068983087735,-11.55242603409047,13.070527200796166
158,-0.039828190998155245,-9.05650706193885,11.31429823138276,-4.315045860348915,0.7836536731646986,9.965862976045024,-1.114826216989634,9.41020572337569,12.898339329933634,-16.69764441616681,-13.608898915198385,-7.389634555699874,0.6836005803577754,7.977378381682294,1.3864904751583023,-12.940263414869504,-13.647423903248749,-0.6760720939052348,-19.03669134086492,-5.998746555678698,-2.616848632997396,-17.760221612696746,-8.821258049838397,2.3967928880331466,1.4988196857121525,2.783501062314121,1.2867522860059932,-10.500259625668429,1.5600334430227474,-14.250661143234797,3.3210447357625377,-14.501543482955622,-15.99514786230058,-9.708017093794686,-1.2122983461131855,17.284868473909338,-4.168979994344468,8.788747021738363,0.8080280097771664,4.9473016648268215,2.392057202300247,-4.94213596655398,-0.04754864257209155,0.9448601171678427,-5.959728528042229,-10.364979826674169,10.909800477173864,-20.46896985598973,-3.727851964989487,-4.200499083020021,-2.9287399004916757,-0.42778635602824544,2.5617939452735747,1.0251413389128081,-5.640960252406646
159,-10.416184253838598,-8.553740287313657,-17.07532673101036,-11.970551667772995,0.37291575223207474,-11.281975581937907,-10.761259072897385,-3.0023589587333253,1.0323434837010441,-12.844497022580127,-5.7954332548744825,-7.513876569210266,-0.5804770147922088,-5.29706387495508,-7.041934190508054,-9.542825231062514,8.151391345627454,-4.9491585341035105,-10.438733091159742,-11.34590837055323,-8.739150813039469,-2.386845637340935,-13.400882733111478,-7.7111687952158405,-5.747005626255152,-3.537477340929362,-6.319650279015911,-18.561178464670572,-16.591036355617096,-4.754359988533721,-6.265202543565205,-30.2104752963903,-10.627150375015882,-2.5437078399925817,2.3069441659109935,6.62693546681988,-6.035512497230452,-6.308669988065958,-2.962021209755722,-3.0714394752772485,2.347321177015499,-6.132783014555367,-5.876841180178584,-6.017674735614231,-14.675866314343043,-18.086016007832118,-5.9274241316075225,18.242655064378464,-10.4326048703218,-6.549142609521443,-8.982511380193184,-5.99473358538686,-9.133497549258934,-7.814365989091445,8.525139740535192
160,0.9339998248888521,4.508401273887566,-10.691775807920767,9.310025124829643,-0.5804647353230691,-4.17480241917834,7.705342037337167,-10.41742246978137,10.053569550416908,-7.7043337359720345,-6.760911787042812,1.0565850267148749,-7.24585437653016,-7.2222915985146345,-0.4202787511202754,-0.14727038692454902,-4.2689012685904695,-1.9133624063462626,-21.66644808954122,-4.563483905845454,2.0436336665737387,-6.378536898262647,2.2891446206034445,-4.144054097180464,0.07003876627707968,-1.515890316239425,-2.392539464089335,2.1384416776044026,-2.1138067659066646,-2.9184641226822015,-3.7917499487117237,-6.521626976983888,7.366017864674938,10.419933921828562,5.627327878864444,-8.97140998499734,-3.7633156943686155,-1.5513044687710247,7.881684509467106,-4.392602352767574,-11.49202028525119,6.369927820502495,-6.151821249905898,5.628427965300424,-9.814516992593298,-12.771321527811946,-8.39212390902091,-4.86571725533933,6.791425725635217,-4.768119030156914,-2.4064936346697565,-4.144288882917287,-8.288449789188347,-5.903913160976098,-5.904587869741479
161,12.553550607087661,-13.944916000475688,-4.052287217305631,6.0959716923915,2.650877342388338,-3.6391463346627293,1.3983933244432722,2.023827487773889,-7.691928286941684,-14.595408027269402,-6.988892588384298,3.357639783271113,-4.174794148425667,-3.6278783000853596,-5.675210156002823,-8.201859903578855,-2.1726893223061854,3.5866909270383873,-1.9920663021656932,-0.9048271275752661,-4.927165451098461,9.136665833239652,2.713209412535843,0.8436486938474129,-8.403643351162271,-9.955435128844513,-1.9409074257222974,0.345171823793528,-11.066871362073082,-5.177710500298714,-4.684330234722215,10.045385097970767,-8.28246745467186,-3.7924360158492108,-1.617572345751889,15.526191504938263,-4.41822423679488,-0.4311348589099183,8.882278935033447,4.264918547503802,-2.5190788854141624,-0.9024155139923096,-8.64811695595177,-2.7592817103984406,-7.767822533237691,-5.0785457694865,-8.19339662425372,-33.284696150799185,-7.970031205488711,-6.2168141688619345,0.1493079273068175,-0.5266770288652304,1.92114358106438,-1.3969896983127206,-10.596544217090218
162,-8.083949899186893,-2.6471252225491466,-3.7252113843450743,8.709409122564354,3.638995281287602,9.453545127596174,13.48687068661865,-1.254483565612107,-1.6326623838775012,-4.489891283366145,8.916778558371018,-5.121215136987822,-4.193573954154034,9.852060344754433,2.928766062065047,7.258929019071618,-0.07536623520510537,-2.4146386853286197,-4.882183579956086,-21.83727249579162,6.998396256748511,10.0330528604741,6.186474627378035,-1.0417650463629742,3.6058365374195334,2.4813166084338207,-1.1100353294489336,11.064041827406202,11.058004970453224,5.238749206674342,-1.2197488560816463,3.280532834025062,1.9677386259546086,6.006088233267774,-1.6368094730209939,8.147620527111755,-0.33265559527338767,-10.760053103675647,10.939639081456223,-8.104886856918432,10.603109924160705,6.282496704738968,-4.496724056346076,2.5706227555566903,-8.063971276185951,-1.6782901366146243,-3.9846680188665586,-26.208117450986588,12.96437595206864,5.819595512078733,0.4454646061877815,-4.543870570404189,-1.3489706753468027,0.28747594189278936,16.3451607032698
163,14.356982240871508,-2.8782088172679043,6.894234069147888,8.784831705142041,3.9156714510552737,10.602893721754187,9.65435728491569,11.321356398718697,2.5521814519045303,3.956835456040441,-1.5516372903877376,-0.7382064226026438,6.442256024297403,3.399026709551714,8.72990115078128,1.3198070109498745,2.330582940152713,5.698816780837214,-2.1959991783892012,0.3298317011521787,1.9318841518644168,9.931119526527366,25.93265907131896,10.69914791535358,2.864533725707811,1.8766207695007324,7.509710973622847,-7.368932266624606,1.3208419133205802,7.261588591702131,2.9119504386064956,-3.470982552791128,6.031318005250425,0.7696879007378403,4.255589520444675,9.694048683254087,-3.276429842929451,0.25476864649325,9.654147629835167,1.2461702820597862,-5.018661623098413,10.60767145424473,6.716082799191377,-0.4254092771788033,-12.230665773153305,-0.3405942503286868,-12.469297660856832,-6.470878759208991,16.353873971773652,9.140228379137662,4.365151441827113,-2.068921674271019,-4.90170404436637,7.308851090012764,7.297417995881061
164,10.503276283339579,-0.5875340456865272,11.967774909673905,-0.3141117886621125,6.86872801458349,6.6834404955104905,10.417499297127431,2.1164256902981777,-3.865933573975855,-5.761084498191367,5.232297332919374,0.155533461242306,7.113202058539098,10.495745501347951,3.4193776024847615,3.8204618400837087,0.6075524119090061,-1.7040443140633252,-1.2036206028899368,-4.061244156895851,2.6109697152005165,-27.250099731343134,-10.923656542994538,9.964640357664653,5.299676451147819,-6.866631269454956,9.661942054118429,-10.14824646346423,8.590206986179156,1.9047701456108872,2.0327369318324693,10.54523950168977,-3.4464361998917803,1.2669663979690902,-5.466981704137763,5.230195714502918,-0.6879339954074548,10.165128074738444,4.718305698462895,0.03411208610145413,5.514820660863604,1.3328081454549516,-3.0111167552519817,3.085956243379992,0.9023101883275169,-0.6170513751555462,6.912206411361694,12.439911844779035,1.2701639338415496,-3.053988760831405,3.1764398983546664,4.367043233647639,1.8354361460221058,6.787030491293693,11.324240956607522
165,-10.280299076012202,-12.35229032136956,-8.907067272127891,-11.456865101444478,-3.446300589308447,-8.595651692881876,-12.172796521259814,-0.016390966669637328,-1.9247683602936414,-12.984841597323515,-10.040539465388473,-5.826219979597598,-3.5241479891903547,-0.028471121374441653,0.5676755223955426,0.5234681051604602,1.5130021033846601,3.9573722901392956,-17.09078311920166,-13.280037789016355,0.925202239989018,-7.872678431017058,-22.644249615620595,-7.900685293333871,-6.042614478237775,-5.587343902004008,-4.622796581715954,-23.024647313721324,-14.339708074015014,-9.438196722342044,0.6235775156896941,-5.014220866621757,-5.324998044237798,-9.89557269265001,-6.700056076049805,-3.93246268131295,-4.667383957274106,-8.631317081500073,-9.77081104687282,-6.5279403341059785,-7.088579946634721,-8.386103177557187,1.2319621629252726,-2.120416542097014,-16.491297893226147,-2.0203352166073665,-14.971271909013087,-19.510771882777313,-8.131540757052752,-11.409492200734665,-6.862256045852389,0.6304904757713785,-6.69228762935619,-13.089247259558464,1.8888365662827784
166,-15.786196785921954,-8.81261936499148,-11.404825594960426,-8.89756697902874,-2.689488271061255,-9.849507784356875,-2.6980040827575995,-8.430567495676936,-0.7669766435817796,-17.44148486001151,-1.876673359043744,-4.2803469944973385,-7.72549486312331,-4.508203180544839,9.176439080919538,-3.9759242996877555,0.8116589954921177,0.7930465705540716,-21.929640897682734,-10.451227640619082,-6.853510596314255,-19.406405884392406,-8.171229814388314,-12.947170851181964,-6.4915372560522995,-4.188395157152293,-9.435274919685053,-0.9401952539171491,-19.582022691259578,-12.070262462813027,-9.775644249453837,-18.184368948547206,-14.935681807751559,-5.501615505437462,-3.155586103851698,-4.43581416716381,-10.496830583226924,-7.181766792827723,-6.743108950707377,-12.63866773430182,-9.105996623331187,-10.560132703002619,-5.32009109733056,2.428595370632045,0.3429517861531705,1.2156738286115685,2.6153203540918777,22.06774131132632,2.509006128019216,-10.259312882259184,-4.164927651687544,-3.3192966112068722,-4.641928829100667,-12.509104172794187,-19.740006349524673
167,-2.0207169329633516,-6.585804845605578,-0.1600923209774251,9.567793121143263,-3.821907183953694,-8.204805613552429,-6.281921936541187,0.41096468239414446,-9.35961624128478,-11.551844716072083,-14.292024800667958,-4.074296484568289,-0.5350362816635443,-1.4771433150281712,-7.9614333619876785,-9.139582283642827,-8.591239712676224,-2.033848107241246,-19.22828510342812,-5.702322424750547,1.5900154948538663,15.687339141344822,4.243384395326887,-3.453455465180533,-3.4915617984168383,-5.8260838021429215,-6.070144693766322,-3.2574930555966435,-7.293881372225528,0.5252298335639798,-12.724420489097128,-3.077794934413871,12.323540179096923,2.616606977521157,2.354071451845218,4.313424958258259,1.8355841365243708,-7.726449348488632,4.139726480659173,6.722396727727384,-7.333467076627576,-6.861407911290928,-7.0535023455717125,-2.603133421011117,-17.719073531579,-10.994104460794098,-0.31807836738167977,-0.4578370464091398,7.354617179808568,0.3570553595770378,0.940623617902094,-4.526028090783832,-3.6072384246758054,-12.495160537714861,-13.042661263018239
168,-3.463217904829249,-0.60073563836667,-4.622735437081785,4.49745003863865,-6.331992837239285,3.3766991039928125,6.477642532514066,-0.9084913998234029,-8.2790329322523,-3.9143233506046995,4.954942613840103,-4.530127415851671,2.5518235667627684,3.2624838641103433,-4.841295030196102,2.567280352115631,8.374036824216647,-2.3070703717518826,-7.759329102477249,-0.6811120722975049,-4.310549714127365,7.198185005460448,0.5159922868621593,2.779922827622112,-3.358117261711432,0.9205223099917782,-2.436571887561253,-5.176929975042538,-0.23042741250626894,7.670803325516837,2.468214276493812,9.174750229533839,0.544499333719818,-4.670411345910053,10.653777955746165,8.6736015044913,-7.674854111306521,-1.336212857645385,0.9187869459998851,-5.035219900462092,6.8516455280537505,7.5787681487141825,-4.126727537233002,-3.331943613229966,-9.15413557874913,-9.479848834933067,0.2313358139018623,26.488413563796453,18.740839044658504,0.819851887469389,1.2186454850800184,0.8454626312061232,0.2775419497368287,11.513170217981143,11.889372853752302
169,-10.133019839014326,5.940194654411504,-2.995909659229979,-5.595636643925491,-2.188349717733811,4.392277262648758,12.758745538945101,-0.9146767459353622,5.726198202493239,1.025202575386787,17.927344010648678,0.06283613765726284,-6.611346884345521,-0.5983031886268635,0.04186479230316318,8.09121204882252,1.4846418737148752,-1.3910289352037468,7.364431270531246,8.82904475075858,-2.951420375279018,1.7024154208448468,8.502497577849699,6.358766121827826,3.554784969407685,2.9312227295369517,-1.8167855368585002,6.925715368621203,10.05680838227272,7.451385235756027,-3.2385038410370446,10.136365823599757,5.156921686414553,-0.781868898138708,4.72503729483911,-5.722846123028774,2.530586361885071,1.2544605312298756,18.630012441654596,-2.613507582520952,2.336661452541546,5.236974362207919,2.956305966085317,6.560700073534129,1.8544157427184436,-9.663387151159423,-1.165516580550038,-0.9666411475259431,5.033055818810755,6.136015467431244,6.94213660897649,1.703680026668067,-5.175256886500485,8.474130381126793,19.884211897850037
170,2.431711420720937,2.669083218185269,17.34472986630031,3.8379214539819833,0.8528963826140579,5.705114975571632,14.464682003673243,3.589815594712082,5.335186420654764,0.01397882553995872,8.303344603399841,0.24118163054618907,4.220214115113628,1.9769636660206074,8.618115180609177,1.8446893509553404,1.6919453020405966,2.418217253320071,7.350908349971382,14.430217222291596,0.545664910151034,1.137257166054784,9.454883964618249,3.0542861028593413,7.613750513719053,2.735057426958668,0.08268374143814554,13.475247654379631,5.322013230956331,-4.470242252155226,4.751759508434607,28.90636217959073,-6.041280185689732,5.814729902361121,4.115818189723151,8.535971657354004,5.796762920459923,-4.56250724135613,3.9844412900203343,-5.881783012832914,6.0404366066261215,3.032898274003243,-0.7308556486149224,0.5107526733559005,20.96397876921965,8.408067223368858,-6.822733729469533,-6.056862035576178,4.23775683313,17.015352858876696,6.737930987562452,9.119175707807345,2.9460073922361647,7.045703615461077,17.005228135050558
171,5.031543128344477,8.98517838546208,9.903222248262288,-5.959302972165906,-2.409825114267213,-4.896719891197828,7.908819737863176,2.368234959183907,1.4086884734581928,-5.476864378063047,2.034031627129535,-3.345019123383931,-0.5489781307322639,0.7026971210060375,2.3075221320709254,10.834051559166033,-2.091257265635899,-0.33387695344126955,17.238985453941385,5.159932438208132,-0.853815420549743,-31.684243343314346,4.68847810796329,-2.270403874163725,8.001977043492454,-1.2477925465423234,0.26453039232565434,6.853682504852816,-8.132174730909114,17.32211298845252,-0.4026777306381537,6.415318653899796,14.076940461080902,-1.1143248944866413,-3.6933992225296643,-12.415060265940063,5.484632872116315,2.678347623165773,7.44556015608262,5.747575914981414,2.995887311517584,1.905016494648797,1.6581908694411418,-2.027890476873335,15.507800801296016,16.475494460791957,6.5040243985701585,-6.735431590858771,4.886510906170826,-0.11390803085297954,-4.162210099551142,3.41098064990068,-1.5084144436583227,7.798561286561343,10.29958100099953
172,2.2109816670417786,5.772013004945249,14.983981407418543,-7.487412278749505,-1.2090429806587648,1.1841821372509003,-9.358216954737294,-5.955578456119615,-2.4779113369936847,-4.149729069398374,-3.452759482802785,-1.148587402032346,1.3480412339677617,2.3404004263634586,0.5693764759569752,4.216731590180829,-3.549775264701065,4.9818687350774296,-3.475581950070907,8.03917993521508,-5.685179322653887,26.160189343958486,11.079246238786347,0.4210978268968816,3.1903158949345958,0.09598416394116926,-5.902724173604225,3.7145834972663803,-1.3220145824004192,-2.378852369833966,-1.459932031071916,9.874008123059662,7.304254773928195,0.004214157863539092,-3.225613249199731,7.0459043278681985,-0.38075863646001235,-6.3973208605026715,1.6410950191166935,1.3199378136469393,6.455780414294224,-6.221882467215159,-1.5631641499242004,-4.181195230964495,11.444450087693273,11.24141556404683,3.020170748842006,-13.769454136186717,-7.752423726174296,2.4170659924192086,-0.6431443986235833,0.6723701211870933,2.0429298208684337,-3.1789251626754296,5.4405830636316415
173,-5.1238740384578705,1.224576628633908,8.203504447426115,-1.0600197619321394,-4.699205259279329,-0.7918132622631229,11.76670534756719,2.997427704382916,3.446205285130715,1.2463969396693366,-0.5933466468538556,-9.976414034561236,3.0240644666613363,3.42029345035553,-2.232153525157851,-0.32148411497473717,4.646011215539611,1.9593664380360623,10.938495970502192,22.728004021303995,-4.831075772034879,-8.849896438267766,-1.2799468454049558,0.022006095672140315,-2.533541891647845,8.154793835416132,-2.1394778964470844,3.4795650520495007,-6.328572021911339,4.659940488484441,-1.037720382973856,-13.214614511752615,5.81807290656226,1.9409943574241229,-0.11751851044139083,-8.86920595883715,0.5984109056239225,1.708667399931927,-0.5590801676925348,-2.0394480844237366,-5.659578483931872,1.153942592289983,2.9295197962498176,1.2370058881993196,6.026996150612831,19.4081704750353,7.7309558409817365,-16.016372780714715,3.2674217000603676,0.25152148762527776,-1.424344152212143,1.502199993145709,-2.2043898725996214,2.7503488805829264,12.706879658358437
174,3.4339887949885153,1.5546291855220893,3.2386841092790877,-1.0728989231343171,5.363951252431286,1.495753594351058,-4.990515352511893,2.434827217642142,-5.322909270014081,7.346698159922142,-0.5397898603458794,2.0999107439907228,-2.9431865324779434,5.699932268687657,-1.7315593635549351,2.208693117815621,3.556854439785286,7.905330007553709,9.649902691038287,9.058280322016502,7.157716061995954,7.586655832522986,2.7257444834222597,6.966407601170394,3.60659921169281,0.6437096912033704,3.288562148201222,3.8797667087340844,10.468732469544118,7.6693656497767995,0.24376666530662652,12.098718129250468,11.1955721382888,-0.2841715958653664,-2.252104445227555,3.7167045194275525,3.409494472097377,-5.651842261455497,-10.611028504006716,2.548030645871649,1.6591588854789734,-3.914862126720195,-1.1591258148035528,-1.5038642512292277,3.820775776493306,8.319341389500366,-4.964742164222562,3.762246226777836,5.308015400049638,5.8504460897980906,8.349925911016001,-0.04904251439230783,2.16996731320206,1.791967466169474,8.362412056752614
175,3.804501010447132,0.46035013408685216,4.378502692495074,3.010956434571013,0.33037701918154344,7.527392656219249,9.1089073480392,7.017462137402321,5.2719675673514,5.744680222199888,16.209196535300237,-5.446653365024498,-0.5419647292214997,2.135017495070185,-1.8333188651167616,-1.0731488186485914,-0.6883543085078804,-4.657639959028789,11.268099737410642,23.54890952487381,0.10796092237745013,2.342608826957187,1.0373949578830175,-1.5764058162363208,5.548159062862396,6.851356773048031,-2.866581222717175,7.380066000077189,7.38366885087928,5.928779785730401,-0.5549999337111201,-0.07004875431255418,8.207735013596865,6.414417992441022,1.8328877796932144,2.5926835001731408,12.717680851719818,7.289878156720375,7.740957631140339,1.7993027740680823,4.433728591824065,9.100442052799828,1.9460585080847448,-4.641459317231665,4.625604055365738,7.998857728376681,6.999410955273375,21.745914579654226,-0.03663002228250309,5.673684999802891,-5.262862978807213,-0.9863113488013647,2.824711240752011,15.985033405070402,4.891393994798466
176,9.337674544782054,2.8932032755443027,6.724675210154786,-1.439130176086815,8.344450071149943,11.611990150748467,4.021405436554733,-5.5154141038656235,5.1679692037251534,9.202854070128227,-9.41662047468886,2.9492462836966222,3.482270355431401,10.567244067484019,4.917224131828668,8.592958587925045,6.316057088423748,3.849554351397923,10.9098739769994,15.741941349846977,1.6531466671398707,28.953202067589274,2.5736038643790753,6.064026994364602,2.863625470472842,3.4917069442418156,0.9267380109855107,8.173933248738853,10.813022175613714,13.056148532093788,1.6063151341311785,33.98783909058084,7.782670507017447,8.6719079066296,5.240246656597877,3.75193889895264,9.773299840031838,-5.017438705782501,0.43128664213783885,-0.8735509168128578,11.029430034209271,1.904519645535216,5.2894343149905305,2.5626268199816042,-5.544493352576178,0.9739052422192632,6.214311564455227,6.058903317138249,10.490591658621419,7.099847757694673,11.645564719426389,4.883129028033237,-1.4865705942621037,-6.773469096315758,17.11074415396671
177,11.810087245793975,11.28006691683312,-7.9481006840586055,4.417644892420087,3.803887744947356,9.715065159359757,14.266214984412096,3.4998178354331424,-2.8412226961583507,6.262871955122266,9.73869977313645,7.152667226840038,9.540527094687734,5.639425602190348,-10.674394870290952,2.8123060379709517,5.859078612862801,-2.2373513062389527,15.787455816658175,5.876111626625061,0.15392882848272518,7.716119000460116,19.7092650248384,12.183889536833277,7.842393104519163,8.865723241500708,5.780252901875243,11.871174539838519,-3.151900702365199,2.4934921945844377,10.934631133566098,17.672289311885834,1.5529497798760326,-3.1201637910336864,9.150922421594055,-0.090894594484446,6.050979793071747,8.118074404341835,2.0012156340692724,-1.0860488182123826,11.284546995649533,7.208917474260136,2.982504315218147,-2.3621186363434763,14.533127405205551,-0.831107845111769,-2.1970036846338488,11.142728093935519,5.160826781574561,14.702198976156662,11.188216366634077,-0.5358527971773731,2.8808383528067143,-12.719508838896848,4.687275505795771
178,5.819827001465827,5.2372606442290905,4.241710686866118,8.043247115855314,8.447370215033999,17.585027174377927,-5.02909131804291,-8.892310054934754,5.4049166641673265,-4.48013198664602,-1.6253696759136356,1.005197293904363,3.527417321594394,9.158728126968656,-6.785182313651455,13.646303802120443,5.383474686316082,-6.500339649769725,4.4283020259831485,4.7283579804459395,1.961360221614643,-7.955795480280506,1.632977412671459,5.65141719883802,8.968680649387593,3.436617976244615,8.07478543142883,7.46667381087128,10.005399176052638,6.878523999330949,6.007890994451484,19.767668882346882,6.461852136619237,6.850369941823336,4.527000182745408,3.25246961870972,8.948233884208056,3.7124175611807377,1.725704939997926,-2.5563280311774235,11.137781834115787,8.067879447523428,1.1422640985372114,1.178738335565645,-2.5537081397309596,-2.9204439694175917,18.145978632630133,-11.732657009241532,-1.904562741822126,13.191174387323613,5.754068630690477,4.44202458919311,1.6623834468880478,2.6307705628628635,1.9453821693147932
179,12.816654762443232,-1.0402643431206138,-14.373529007848429,0.7097265683874792,4.697918356681357,11.898907508168902,8.674317690790916,10.354121916148127,-6.062938210915546,1.2067805738473425,-8.957596155453702,5.248233706367259,-0.4864509750385674,5.960379279997884,-8.714214104778913,0.871558170233454,-3.6494924432921168,0.5927871964415725,-1.0084510652386411,5.815878680165933,0.42280079257123326,35.65471293974896,23.72213586495847,10.046279327297697,11.504496245930085,7.916101967345695,-3.5394869480206044,2.0135380516246872,6.398259182061468,15.137361229682455,2.528767936083735,-2.8864331245422363,12.635800501825859,13.50754550281836,7.562104407013679,-0.19730106665163624,9.931507808517436,-0.3371653173651014,5.569017818387674,-2.080983367501473,17.888108044254537,12.826538312800077,-3.522227334732912,-0.2765335318993549,-2.7782613866183223,-8.522499987057277,-10.688153456668465,-14.768412051456314,2.5951219985679703,11.76929855422706,3.559533870950037,5.944590186738238,0.7356105699222915,7.062563565616705,-0.251200439978619
180,3.7335574182928823,14.545104287108597,14.957835678543363,-6.3135970514647815,2.428297401006733,5.911128528264104,6.49609773377983,-14.4853501405795,8.399169550866496,-1.845914855295298,2.5901562875630906,8.725737440342806,3.727668212384594,3.9245385332983367,-7.7690162038316535,11.973959846764195,1.250758129723218,-1.1108512221550455,17.174505625452316,-5.426350043744457,3.611284678079644,20.010454905580502,20.06775063519575,4.162198435287086,1.6668516701581526,-0.24576402744468379,4.630440454093778,8.391994947681622,1.3972761594519323,1.0887642703494247,2.743204873435351,27.243958305339422,1.7171135027797855,8.48039482321058,-0.8973156554358346,8.199108152973409,9.699091979435511,6.865034374161338,-2.1717333793640137,-2.490041884536646,16.29846234650028,11.883753650156516,4.087271797413728,4.087524372704175,3.7107363280897236,-4.479557926557502,14.280978680873403,20.22977783728619,3.777989911181586,8.133131868985235,0.5906734329705335,4.108962426988446,4.909205629965481,9.027895691443463,9.822153181863987
181,0.39332067601534787,8.061808379633087,10.711825077783088,2.907548984094542,1.1308420607630087,12.214842455119502,18.305736558777944,4.207085605786771,11.628785800568911,0.8872062314529808,-1.8336105516978674,8.31618855376633,4.664712669898052,11.481482484206861,-7.155580120427268,4.412647749088248,-5.575674673124236,-3.15648339977678,20.376758217811584,6.5488062829387435,4.014532559380239,44.30010189815443,23.45928368033195,1.960378534635719,9.158062023015654,9.670250808554036,2.031386975122958,11.753867975911316,19.789554824672486,16.01206875820549,9.041167605896385,8.134954874612847,8.313763944470153,15.112248329483734,7.661478717716372,7.490471162358109,3.8561140475224476,11.41160933065171,1.6320724171035144,-2.1960064747503827,14.219899576537463,7.622735660903308,-1.3207933719517018,-0.8888443288754444,11.642602263284582,4.493995929250912,1.4588967172466978,12.867374400703275,14.850297064501412,11.194493916370355,7.390304143255462,3.3371188956864026,0.2780609824219529,22.040102845552017,5.817904112290363
182,4.717304324617191,5.9191784971222585,15.175999480850843,0.6691796943849447,-1.3829768786624985,0.3333928974307313,10.121118302247963,2.2119203930606646,17.22673034911253,5.9924836110095585,8.908370680954992,6.275077874563178,1.8457820561467384,3.9253057215590865,-8.338475743118597,6.235151023280864,4.388869475953433,-4.037470210571678,31.358467038796874,5.724111622693587,-1.4560973498286034,12.954766081303966,22.0462838630287,7.250485601321775,5.74244531441708,8.26219273556252,7.95996387272465,4.3212399426467565,0.15280200510608907,9.002793597931765,2.750016583471882,21.284739307603058,16.10358191509636,9.461800246822591,0.9525358135602913,21.074005502447182,5.282990164294535,0.718434532077945,-4.029485796939354,1.7401024176149953,16.695287387590017,15.513043426737493,5.97706149484278,7.245320430975788,4.679630941730373,-18.297357729503087,12.073200263539139,41.25766747064736,25.215400787944695,14.184763511984933,9.822288855606196,4.950846803431609,-0.9974893149064512,8.207650847885073,-0.3754139122914295
183,9.42864943402154,2.808255602206503,10.156213906954745,11.625982394632029,-7.08776713432554,11.632639969185908,8.720512696370786,4.501693523659998,7.809046413103233,7.100659615227154,17.773303978297175,2.420288683200369,5.041771351682897,16.939782748721083,9.439248406157201,3.9335510283708572,3.2702973743482513,6.283485983707467,20.37825318897257,6.916169308278025,4.202292456918833,20.525227153787807,18.34257706209105,8.986952905448115,16.317035996792267,4.255439513800096,8.58986461953241,19.68939201564205,14.659831737377205,9.640604155404228,10.81971174265657,2.4917375177753214,7.143410930381518,4.693787593318492,-0.1777030095762136,3.3576009758577054,3.4346946991828022,7.762962862697183,-4.4620316198893955,3.3559426117916495,13.510355310780662,14.36097933199941,10.47483760544232,3.474656203571631,22.830618336492655,9.207718812993594,17.598543986069913,18.74054699527974,15.35796655379996,14.067923907114535,11.893169955635557,11.797710594169947,3.628322811759248,13.240844269188083,7.060581939408974
184,11.675564387623144,11.706535474986445,7.249470077150939,1.4565205865976762,2.136309036110737,-0.8759132827423057,11.56328190954364,13.314755996879267,1.043109329132249,13.010062825923063,9.895860314369202,7.194634918047457,4.265053303874269,3.7394073724138495,1.6096933246875296,16.247981291340324,3.4481357640149644,2.3738374242521063,26.38466781986003,18.706299393760915,-0.11136734728910486,-1.8925337061590077,15.698410576703598,8.280135388277015,14.062756496728683,8.498358693658089,5.8954282501256285,9.834259931492259,12.509233747209821,9.117121343709984,12.428235047934006,8.056743860244751,3.731974739201215,6.785824897642038,4.079500512200958,3.3615318853027967,5.9144571143753675,8.725369093369464,-5.855855211311457,5.871956661495627,-1.965052028699797,11.917032525247457,15.588062554597855,6.5982207814041445,20.6072883946555,5.261715758211759,9.179537222093465,38.43183509123568,18.028021875692872,17.762079482175867,11.217912263408,15.253087161070837,2.934450081986736,4.0199145992495575,1.772995956090032
185,5.988449721920247,9.013983641351972,18.292646764188397,8.581642101005633,10.237014607507355,4.023168513969499,4.69099655200024,3.460158501352583,1.6686780756833601,-4.385129455400973,18.716230741568975,9.002226856290077,0.8855805822781154,1.75547137430736,3.1480047743463393,8.177642428145116,-9.764711918879529,10.83790241362413,2.2389625316979935,14.03103765176267,4.008282612172925,16.849087077440046,23.901454983925333,0.5735833803001715,9.052362462695765,2.9612982157541783,8.187620170110343,24.006263638029292,-4.955485870643538,1.316349706175376,8.166611218939023,8.964996235711235,10.064088739910904,5.6662620402568455,2.988143655110379,9.484670204775673,11.453894492390813,13.197721605398216,2.0677356978460235,9.348996604279597,9.089579591945727,9.605543074559192,10.17548430771852,2.9215820048536574,28.338351342142843,30.32584479025432,17.044589155790757,27.319248442747156,5.48874295609338,15.859538176838232,9.999694488562492,12.280719465747172,8.92478391953877,17.698441178518898,13.967767053720902
186,4.56595713143446,2.1188724478896783,-3.767112054995128,-9.024382761546544,-0.44079334516914526,-5.695980889912771,-2.566565536722845,10.807355817483396,1.9121866472521607,4.981827977360512,2.5551391402069403,0.32317790852821604,7.466852533269901,-4.593808661918251,0.7908018614564624,5.720884841923811,-4.946270906195348,-0.07661989110769057,5.003490892752093,24.04179084240174,0.9811916375646785,0.12438201113623015,-3.2565064162624124,3.6657934724068153,5.237583504647625,2.9825464763811658,12.497624472695954,8.760836640791018,1.7089086771011353,-8.202727213197825,3.166287888677753,15.280976801502462,-7.077078753588151,-10.358316308381607,-3.975739445005144,9.10801067583415,-2.029852892063102,-4.145760582417858,-14.263615722558937,-3.585579550387908,-1.0793718754941104,4.003593806709562,4.0553182314853276,4.668949475701974,5.73355154480253,11.649514985327817,0.7644834336159485,22.168962755981756,0.2715925781094298,4.641086028546703,-5.312772724017197,3.6286729805323543,0.15099246009271972,1.160328205750913,11.121196016973379
187,-5.2616817154446425,3.487643608937458,16.746725230838877,-7.988106361457279,1.4723237825899709,-6.834755772230577,6.5383626709179,-8.089773333802516,2.4829259387084415,11.338739737564204,0.47270477855844156,5.5752339381344465,0.4434377928169406,-5.79289227024633,4.9143083691596985,-2.6106209685759887,-10.141921669244766,0.1934441162311301,7.641928118102404,5.3150019780257525,8.269580011465111,9.33784960362376,-0.6700918601483715,-0.26750180094825976,-3.823449983280532,-6.160565587939049,5.516852251120976,-10.886055575341594,3.04818932651257,-6.942972162852482,3.653717576849217,1.348722635939413,-1.9807858777289489,-7.783827177115849,-4.087437456359669,-7.49958964878199,-1.5331427223828373,-2.6536251677542317,-9.982212621642619,1.9597162495994447,-1.4538388413053995,-2.254948178116156,5.132977013685266,2.102254884887715,-0.721450400291657,-3.1631674498927835,4.8096074040751065,5.529289575255647,-8.373577526637487,-5.169450431453939,1.9649139148544292,0.5602097827561048,0.5898601351952066,-7.4121813544509365,13.49134431338432
188,-5.501117273252838,0.8492376317783278,-6.94122498497671,-1.2538827475236387,4.957122342927115,1.9815250610818669,15.287242161376136,0.5095650970327611,5.870425018728996,7.998807958194187,0.39735554918950916,-7.342815051881635,4.271395092107812,5.569581166822083,5.259799626408791,8.820213325169622,-1.0443270242944056,-2.3904771403390535,9.566235223594976,5.222019095639033,3.1906951267880443,-5.157089232182016,16.58621236286601,-3.265791943486856,3.96816773879893,-9.447708155731766,-2.4379861902217477,10.897071780598893,4.34579107469442,-5.544304480358046,3.0699963368931593,11.328922674972183,-2.3719633044484927,4.94016466821943,6.548049724831873,10.221966365162206,3.74079533818425,-0.7922158989371085,1.4036773564864178,-2.888430337516629,10.791495829212423,8.886969189254605,5.533232467515128,-2.6113150561494485,4.408779835100381,21.35475149963583,-4.57177302621457,6.8644444577547965,9.102720160873568,11.810874232224055,1.293516490228322,5.49394763671622,-1.6157226440857868,5.350554130515274,-3.5616905154014122
189,10.106901688463225,2.8407029789321276,3.716189307825906,5.9508722704284045,9.195991522955651,2.313688728274131,10.79774050627436,-1.3255061495060823,3.187335203192672,-1.0891519748434728,16.95403606368571,-1.1605920338509035,7.779422278306922,2.021342627856196,0.8165945714833786,1.3409511434788606,-0.353354880472227,0.9443264783036952,13.833845266274043,1.258280204266918,1.9026189118015522,21.848903490116403,15.29323107369092,8.750048073578855,-0.47378713257458743,9.050471314970327,-0.4157653298913216,11.339478511439294,9.719989584416759,2.3886670882300454,3.471122230498158,23.814717095725392,1.2640671546057778,0.668510623124181,0.48052890781237156,-0.7229258040992581,11.745007933402547,-1.0524049170163212,-9.935721452747073,2.2984448029678695,-0.5692494012871567,2.5756917358661187,11.691526335112902,-1.2439115196466446,2.568740792268393,7.153489370127113,9.11376725897497,10.406846110005768,6.612442363281639,4.281033392463412,2.2145784880433763,4.796429901098718,4.1440266951614495,10.240045514641976,9.14672381294017
190,-5.557449349335262,0.5178213010028917,4.329499000189256,13.086890130294297,-4.946366010271773,-0.0428185800508577,21.874645165034703,-1.7491655009133475,2.8928076028823853,6.418990956277264,13.660333139403741,6.181892041040927,2.1685416321365203,4.495341034568086,0.9920219295487112,2.5862499694434966,-0.5318198124973141,9.712292946114832,17.814676023487532,4.624631739392573,1.6622298329460377,29.265468389404063,16.17279496363231,-3.1068908660387504,9.26489075714228,-3.8990147222517706,1.2615809635240205,6.36918701079427,-3.2126379666887983,0.05786360896249511,1.725003917264391,-2.413788291872764,5.154234300205978,9.476984916901102,7.061117876853261,9.899888496009671,10.597803578084829,12.03099043986627,4.275115712412766,10.831985904245961,12.55590129141905,17.493103021489723,10.21660397004108,4.687291315623692,14.995694248043762,5.450123589866015,7.6074827872976964,-6.8289523562606504,26.43394961892342,12.569358745247733,4.912721356567071,4.459057187547489,-6.354851120588731,9.070206149500244,7.487744068612858
191,5.884968460822592,6.576222458664252,-2.436893815896949,-6.83275956766946,-5.214870850650632,19.409165780155025,16.031097121688784,-0.8443436318514298,4.07230405174956,-0.9219706691041285,3.4811902108402655,-0.758291504174775,2.004817279777965,8.586301339220027,-3.9976866889973075,9.613954562313703,5.279392767925652,-0.3356897174095621,6.534866785516544,2.805851607906575,2.5934381570134843,30.75009778811007,5.6565046748336485,11.263771445775518,0.689733444123852,6.155001808794177,6.7248320336244545,-0.5997631815927369,1.677718688030632,1.7802192532286352,6.567115127812235,9.401856114669721,-0.9783185598801594,2.443571370475146,-0.1924579192181023,3.877644042579495,4.857237764387106,2.208174461004685,-4.165582218340465,-10.465938801668129,14.668003044110172,14.28400812951886,4.755237442498305,4.778004157299898,-11.069011592439242,-15.970371616129972,-2.426710063705639,1.1973759994214894,2.330574877408086,9.499187586277875,6.3597856833010304,8.970633336475917,-2.4399778137401658,6.081992397502977,-4.454210077925604
192,-3.574110152770062,14.41970639356545,5.575411326422984,4.76753924984713,-4.919631394804741,11.76772158973071,18.87259089946747,6.0741377314742735,-4.475706134523664,2.138535383708623,19.952862961255775,-3.983957656792232,4.64160493077064,-0.9687569451575376,8.787881680289093,7.118969045427381,-5.264439821243286,8.321932622364589,1.760156784738813,-7.913349225432897,-3.5239526304055233,3.160440897455021,18.122478413338563,11.225228035936551,4.291234167254701,-5.69682790795151,2.3033474803883203,-5.418837086430618,15.591399692455116,4.402525712032707,6.818636328590159,-4.901849327038746,2.4849749438616695,13.149284922650882,5.852734419764305,7.672312384965468,11.850847560836344,5.822606871683835,0.39155454127764217,5.855860082774746,16.926937988826207,17.11842795324569,13.364918686905686,-1.0602808172472429,6.445212182950001,-2.773613438314321,7.216091551951,5.247648018963483,7.119027273387325,12.539500797129406,11.030699422164838,14.990575121373546,2.667020226011471,-8.089496231200744,4.537146132819506
193,10.690156450533138,0.08499498300406398,7.653158534546288,-2.2341717359971027,11.815152072784851,7.254130817037456,-2.2170014089467576,7.66240381221382,-1.7851961705149437,-3.2234698327220217,3.5104305056893095,-7.424371584337585,0.38751345135423604,3.6577433007104054,1.5922626567130187,-1.2547245597352787,1.9737013043189535,1.557353667610762,0.28518588445624526,-1.2112071720921262,-5.987765194201956,2.538278735413843,-5.055579681785739,1.94854908390921,5.762156943885648,3.0286624214174798,3.033449168716158,1.326310320776336,4.537110337189266,0.9096476861408779,-1.2089921874659402,10.361819033720055,-10.481816323436036,2.105850322514164,7.2642660256551235,1.6453104846331539,6.659681565603432,8.049668856421295,-0.7259406666366421,-1.936018445053879,18.54787924216718,13.307765573871379,2.940533220767975,-1.646852926028018,6.586570857738962,-0.8149358447717161,-6.353551082161008,11.36229494396521,-5.53932879834759,2.2245872571152083,8.54365792383953,11.565895933277753,-2.517359620606413,-9.435099405901772,5.425276474685085
194,16.383392895971024,3.976116260399624,-2.5212800800800323,-1.3545325945834725,6.715953954628536,3.5832266661585592,8.03732513773198,-5.160457915797526,0.041976651366876096,-1.3159327616496963,8.759906680684308,6.60470437030403,0.7959411922766237,1.7976315289127582,11.083463468417829,2.643409907361683,7.240597460951124,0.8511977621487209,2.4197555014065335,-7.563099543050844,1.3734656377714507,-37.028084359606915,-5.011116244355026,-8.508688096489225,-4.2288390979626955,3.5618312480498333,1.5776166368503959,3.3117020677547067,-1.8533956128723768,8.993045145151566,0.23941730236520573,-15.894100607049708,-0.5451838732982168,4.3742194504153975,1.4667199098942232,-1.7480205917844966,-6.056502421291507,-8.859711291230454,6.4704773328742204,-5.323439410754612,-1.7277571412981774,5.221478610470587,-0.4314802447143866,3.0872101474135203,-1.4261828746114458,-9.478328906151713,-18.580833962681343,-24.4125311471978,1.061328263915315,-6.001500327976382,0.9870389639114847,13.498220130497096,-12.877923067735166,-8.130782964278241,-3.854137503370947
195,10.261640342522641,-11.022838128464562,0.6391483350675933,-2.0548181016834413,12.067228735709676,5.06519425158598,-15.260852183690485,0.3984079957008362,2.9172314381112856,-12.925763000030907,-11.77348442041144,6.196120869748446,3.717721948210074,3.7840224017902298,12.861280594553266,-4.063076150660613,2.6171314070115286,0.31012331283822353,-23.395010675702775,3.128615583388173,-1.7338568629050741,-15.798438446862358,-7.43280681640822,0.8484269344076818,-10.317105337065094,-5.795839213595098,-0.9903262090318057,-17.17769969862943,-15.686577205755272,-8.198857399882103,-2.2192738944170425,1.4880694762176396,-5.872528615654732,-5.156391547650707,0.7193223025402701,-3.9178285295409814,1.7076937252161455,0.2792821079492569,-9.535504571029119,0.9577375972377402,-7.033066087687502,-7.696840840943006,-3.45571384563738,-4.04339433932791,-2.9199856252086405,-7.807593871744311,-9.17744717123557,-16.19784454480574,-8.572835273888646,-10.028625842868065,-11.323411621609512,3.794543955703171,-6.451525223498442,-13.470888258243093,-10.078148379617808
196,1.1934545271250667,-8.871106776047727,-10.92574225274884,-6.584683730285995,1.8794732920977535,-1.9238364404561568,-9.560482258699379,6.0450001273836405,-10.643400776142977,-2.7514411542488606,-7.9355209737407915,-9.40089928860567,-4.747486441871342,-8.209562119172544,-7.906685070115692,-10.10153997430996,-0.46552316023378953,-4.927814565751017,-30.415287532368485,-13.364313103714768,-1.0079694917919684,-45.072835187522735,-21.99960407918813,-6.212769325898618,-11.648260412120013,5.171889728429366,3.5351932073126036,-21.054852932083364,-17.35669657405542,-15.497845369942334,-6.3030174943257355,-21.025333025017563,-22.084304950675186,-10.390015302416014,-8.667956793794827,-12.419347332448375,-16.580701169918996,-8.538587430910189,-18.469386637819056,0.0012423827940103958,-5.416507375331557,-7.011903683749997,-9.660119965976598,-0.362866575316507,-17.358323888663126,-7.429404314683408,-17.839573368734243,-0.5680351038368381,-16.882147769538722,-21.991758850764256,-11.174174064200143,-4.644375120954854,0.0741181379678298,-1.8214838188521716,11.434057592129221
197,-12.01278670345034,-7.894333198970678,-24.13072592141677,0.2902021858156944,6.215109476629569,-11.613474911268877,-7.490046597256953,-11.781759033397753,-5.360566813118604,-9.634503702728116,-13.704191173825945,-0.6099166030786476,-12.18915757354425,-19.925562583062113,-4.179305660481355,-6.229902260157527,-8.597851818921615,-11.78865330803151,-22.195854235668573,-20.57995393689798,-4.482671257184476,-19.951582816486457,-17.190263161853867,-15.862457900022974,-11.492413463032975,-7.6920126080513,-2.74785001302252,0.9791104428622187,-14.259523465697255,-17.19523632769682,-10.006845825180715,-11.389337469120415,-9.06909198466004,-8.89914573090417,-11.009417124244631,-20.738659931688893,-13.753120828039792,-7.136726823388313,-16.570339150574743,-18.179867223209264,-20.38602423181339,-19.335737264277984,-11.871965839546554,-6.274479549758288,-12.6472355093883,-11.435187057572968,-14.873108007469956,-8.87391709308235,-20.3201967794068,-16.88025976139672,-14.34094154013663,-6.559816990798454,-12.571721363736659,-14.707121265938087,13.140856336574165
198,-10.32940298318863,-11.06660648602612,-4.569442090939503,-2.7859492180298786,4.106517994890408,-15.634727277317825,-19.018330379408233,-4.635452272940655,-21.884372280568492,-5.330047461451317,-19.77470386149932,0.5608430383156757,-7.425215053315065,-7.165784479936167,-12.295335910758194,-11.100901422451953,-4.64771693944931,-2.884730541584443,-37.13234703151547,-11.76207047700882,-2.6702524362778175,-28.341755593309596,-27.34706851383861,-5.570595612331313,-11.918562730356138,-5.812458170920002,-7.677710179163485,-19.490433697949868,-2.894111621136568,-15.566468468734197,-4.794909030199051,-23.937632363669728,-14.882763375889281,-21.950711601850937,-6.376606847843801,-14.476969952486,-12.565816477245214,-8.932749778640513,-6.6550925751121675,-7.410416551998684,-20.75373731583965,-24.621379599887497,-15.618162142530997,0.6314623123224901,-20.31739777630689,-9.734567367300695,-9.86004720658672,-0.03795347530014661,-14.534081274301421,-22.93252703790762,-10.242137722823085,-11.138867810976748,-3.1613146888510304,-7.419827352981178,-13.186775555416029
199,-11.77742669412068,-7.604103921019301,-11.14069034067952,-0.548031003803623,3.151413683684505,1.6384577897130226,-14.739647283846018,-10.2201572972901,-5.524564325657426,1.232835519070528,-9.480109297499364,-3.5470713684145285,0.8995583179045696,-12.880992095081174,-5.031426392039474,2.8316617538126145,-3.773766430665036,-8.10516489327562,-9.879810971873146,-11.541778378340663,-0.8826622938623234,-33.51143185703122,-14.538762511039266,-6.546986660178827,-9.293451191211233,0.5671001876495323,-1.1979932736377328,-14.444760479489151,-6.508507046164299,-8.011222164241635,-11.751567322380689,-5.062759956535028,-5.087752573344172,0.026133768260478973,-0.5144080182879555,3.259282476439768,-2.4449544129322986,-5.5897106871921185,-6.794576358430239,-9.864923710117536,-7.45393439458341,-12.757013184683663,-11.529999122935898,2.201059099362821,0.13267678873879568,-6.479343953181286,-5.281089501569466,-38.2340614065832,-14.072830793808917,-13.855899939731676,-9.002276645022995,-2.6956146931161684,-10.156050894941602,-9.344768715148069,-1.762959285658233
200,-3.3716407831834285,-3.0592276271508663,-13.401795504044513,1.9067350879159508,-5.343498150913083,-12.419754300798688,2.145321675101105,-4.478616745496283,-2.1459526158109004,3.3187221547170562,3.981683147196867,4.147711427540195,-4.500036993197033,-9.987455434945165,-3.713577698688118,-0.5949207144428272,6.02658567319111,-0.2670317942998847,-9.158211742128644,-8.06318057009152,-2.0414111863593667,1.7612546469484056,-10.540766493398316,-6.123840244448915,-9.859759882700686,-9.037988172197828,-2.133025231410046,-1.638108064933699,-9.162116714886256,-8.935870312914556,-4.402538204679684,-7.113512103654901,-1.863847600562232,1.671113439968654,-3.7010096664331398,-3.5609839814049855,-4.690020646975965,-6.504319935428853,-7.576049035301014,-6.552533080383223,-14.5809031621534,-8.689376877278697,-7.471668484259625,-8.089854887553624,-2.457454630306789,-13.152249435989225,-17.802370146829254,-6.249010640747693,-3.120411998155166,-8.552648400469701,0.35200553068092894,1.0554473287596995,-5.382071576556381,-12.6157722156875,12.267268555504936
201,-0.23724390840043827,-4.755488922401351,-5.286738376228177,0.17080850108545653,2.4444982409477234,-8.953512565822017,-11.202873596731497,-10.11357366187232,-3.726842230984143,-2.5265804504861635,-18.55797316590134,3.570511433542991,-0.8842355032660523,-9.289777618889905,-11.575959771871567,-12.148113860767715,2.925766280719212,-3.763122021543736,-7.61786672716238,-14.262527527297106,-3.2345702888406054,0.9880387564094699,-7.404298183185105,-10.836934333553119,-7.413077923716331,-4.006451199249345,5.945090281720064,-11.435152209534937,0.5814365799329719,-9.427835342835406,-7.034081037251317,-1.5277931221893855,0.179091999117209,1.0575731816340466,-7.238070164408002,-4.736455850455226,5.060349064822099,-6.092753621996666,-11.591302222135116,-4.296789298860395,-12.823175296491506,-22.11608540707705,-5.970587750022509,4.489351950737895,-14.011351034957535,-1.422224533801176,-15.461156796740026,9.515641394926577,-17.633652587326207,-18.95610134942191,1.1082477837192768,-2.072457865792878,-3.636547320959519,-18.809970968840073,-24.095341079089106
202,1.2092671984312486,-3.807516575771935,-9.714053136049484,-1.5845819687356755,-2.4877065981985353,-2.9676313895960242,-1.102926485392512,-12.980151580304515,-9.549280290145008,9.552436890194612,4.42792439947323,-4.49001098469812,-5.503581250200466,-9.746451427133715,-5.576227627542554,-5.6925067077485885,16.22723682437624,-10.76404171771541,-13.882023787011905,-11.93120120496166,-3.6280415994780406,5.862022489917521,-8.547763155431163,-7.3425362955550755,-6.0665310764191105,-2.985179497271168,1.8432591250356363,-13.817107261443624,-12.84292009533668,-5.058603023996159,-5.131127634826972,-18.658394370152024,-16.13554278685122,-6.762598515165095,4.350982818068291,-1.298885956102488,-8.866711461422394,-13.461370884155741,-10.389987250371854,-3.6618350500963173,-8.720931624879642,-6.788454525324763,-8.57919469293283,-0.2620138173200646,4.008375766934181,1.969404055147755,-11.94833476628576,2.6053566364001255,-11.979523636856857,-12.048373769132459,-5.325772954797258,-1.649054969603918,-7.127500538923303,-9.442374688896294,-9.191844529643351
203,5.422181954189223,3.7170025922205983,7.2528466229536095,0.2386945169799182,3.7373473911702977,-4.938798818053032,-6.051462973867144,-11.431593019135144,-2.7686823603450037,8.536361302648272,-6.364843413537862,3.0439141283229905,-5.989144081972083,-6.344536944311493,4.081023812294006,-3.641410587241455,0.24697923416994055,6.313878691926295,4.004956024033683,-9.130253184814842,-4.697310402381177,-25.012345742206183,-7.631255556582188,0.21045308438490848,-2.6557613118570678,-2.261152457217781,2.1018107636850707,-0.9495456364690041,-0.7822776594940497,10.588397918915263,2.1642541550860113,6.250473127073171,8.377715062121956,7.542608347778418,-4.036514182480014,-5.421503860123304,-3.047507620587641,-7.924353492503264,-0.8968887523728974,0.3812212256752715,-14.449615841617389,-14.133685066991923,1.7471325944120786,-0.5743924282035049,4.46843269649817,4.714916841868235,1.9963668837231032,-1.6463860504481258,5.465670703625192,-13.349928262890602,-0.9802685927371589,4.47865630169304,0.611880535982093,0.8626119591751877,8.936423131397792
204,0.7137521881211016,-1.9233304170929655,-18.772828434617733,-2.4248491146278623,-0.8220508676402423,-11.600784469623955,-9.54802112433375,-4.368553123151769,-0.03282804209358838,3.6533313442249686,-0.7880034192788358,4.937682507901775,-3.81672695826511,-3.096133283206395,-0.14132618143850442,1.0307206280377446,4.510870909812499,-0.7460307077485688,-7.184654559407916,-9.294534782974088,-1.178589094658287,4.3439803074817265,-7.139700764904217,-4.868342506642244,-7.039499948219377,-6.67625707266282,0.39254412845689424,-16.738693730867638,-14.478389224835805,3.951199249345429,-4.583360134795004,4.837203048929876,-3.467090591332134,0.6882920433976212,-3.8890205268957176,0.7023742156369346,-1.6152244781961247,-9.562559515237808,4.034173908282299,-3.222575481981039,-0.32251147104769334,-5.940449770121854,-9.930324488452502,2.253025913725094,2.2976005247661044,-0.26086897266154385,-7.019446795844302,-5.323632308415005,-10.563726608850518,-11.663615012351347,-4.38056657965086,-5.194746262564951,-1.4581318753106254,-11.168508453028542,17.865035127620306
205,0.9801411628723145,1.2887858462576964,-11.229059023516518,-7.317911262414893,7.453309859928428,-12.145063090081118,-6.709101173342491,-9.198035101729388,-1.490871142976138,-1.363596220101629,-4.188317713688831,-2.328569513194415,-5.42515622398683,-10.993265006577177,1.0255562948937318,-7.218276897255255,-8.31911070614445,-1.3307466105538972,-10.233170570159444,-5.882664516264079,-9.664715742578311,-28.20210397486784,-21.277144714277618,-0.7745791263498214,-10.662046763361717,0.18179296717351798,-9.083687704436633,-15.889177263087156,-15.80250006062644,-4.0501028445302225,-5.607461080259206,-4.503228058620375,-5.0699243433013255,0.7948071299767008,-9.194486350429301,-27.408030755665838,-9.685878335213175,-8.492814651253273,-10.40411680632708,-6.857978556837354,-24.116663063059047,-18.196450520534906,-6.444466415716677,1.3524790783317722,6.210144729030375,0.0828271848814828,-12.379424095153809,-12.547089466939168,-12.659172967988617,-11.482313996979169,-4.957806790361599,-9.820186425228508,-3.9369852457727705,-10.011149602276939,-12.63637985015402
206,-15.57856204953729,-21.544034729198533,-7.404502788368537,-8.901723153433021,5.149511698557406,-22.36761330341806,-28.040102265851232,3.1656177676453883,-15.27412222112928,-6.801788199921043,-31.40636510325938,-10.118632810152306,-7.393169495524193,-11.913376221547322,-4.377062996431273,-10.991169049727674,-7.853518910553991,-3.1061973012223536,-15.477934394563947,-12.333077807815707,1.190303199905522,11.120733389440847,-15.155624760656941,-11.43483303320043,-16.052721212713084,-6.884863074488786,-10.288657030280756,-23.392706935503046,-17.680443564239813,-18.604384809124227,-8.09803640112585,-16.17201206148887,-18.39007442094842,-15.95498231661563,-13.770473675764336,-4.453593516836361,-13.764745746796228,5.171449712648684,-10.529980524462097,-1.588209085318507,-13.243587953703743,-16.895227983289836,-17.848356415422597,-11.226175899408302,-10.684763924503812,13.360140448930313,-8.265432032395383,30.52221085344042,-24.994328069443604,-21.432603547159506,-14.626278498951269,-17.752321805576887,-0.6096276274445106,-8.38078083797377,-14.194955224893532
207,-11.908292203533406,-12.030498000774152,-10.574408852324193,-12.399206441275927,-9.039409583928634,-12.681283775640994,-8.16490140496468,-13.275074087843603,-10.760323928326976,-1.8065048673627329,-5.248208512038905,-3.9022224965144177,-13.96432973170767,-19.45563245549494,-3.917944016505261,-8.556084945493815,1.1320088286789096,-7.9646409251252,-15.251037309668503,2.442837221281869,-1.093116626447561,-9.340531624093348,-10.593508513606324,-12.8495783112487,-8.651140431916264,4.162645168450414,-4.571696519851685,-9.681284529822213,-3.130303309888256,-6.072263270008321,-5.679319965596101,-8.56833037065,-1.0285538751251844,0.7241720932022649,-1.6415186168587939,-25.376978993415833,-7.195563264039098,-30.385722628661565,-9.985228543378868,-10.563333667054469,-20.89671833661138,-17.64443245104381,-17.646975346365753,0.5262487257013515,-5.858807440923185,-8.80054307227232,-23.6070552419643,10.682375564867137,-15.937263761200391,-15.970055137361799,-13.000098406052103,-14.864543669077815,-16.667094097757825,-5.3520567106957335,-25.082769123875366
208,5.256216764450073,-1.856828928601985,0.11856760905713451,5.8952712526126785,-1.9058571316453876,-8.281322557099012,-15.388977736842875,-2.5701012649402326,-17.69518753034728,3.9682795934531154,-6.190933745126335,2.8198080446038927,-2.4910716475557764,-5.668223614595374,-1.028467527134534,-12.96464079618454,4.585256627171623,-4.543011712784669,9.401713563471425,5.6194042307989935,0.0456086272487835,1.406311151932697,-6.3589950340742964,-1.2015150247179731,-11.33216514575238,-2.3426408092586364,-4.369469174621057,11.014232698143745,-9.099039984600884,-1.857352605279611,-6.347069061532313,8.075192210625628,8.410356687039744,5.406343465252799,-1.6831605300611379,17.773380847609772,3.7817452721753897,0.2498691215807078,-1.6788834515882998,2.893106284798408,-4.019231295099064,-10.056374607037524,-8.278308564302872,-4.382798305579594,6.7799133378632215,7.164622757203725,2.043229077999689,-41.791693760424245,-8.57661429473332,-9.966149838907379,0.6572991913678695,-2.0177920141390393,9.908701249531337,-11.341755132285916,2.544995511064724
209,5.184519359043667,3.35277505918425,-12.720179080963135,-7.693216635256397,1.0527448277084195,-7.663349789928417,-8.28965820220052,-18.016032357605138,-14.65581400418768,16.76142191157049,6.732447606264328,-4.55490465705492,2.315499781041729,-3.6278776454986357,-7.508653658385179,3.7253961794230404,8.199021770029653,-12.168959853600482,26.510190095220292,-4.243272899555004,-2.563532246162697,9.894193611582931,-9.520689505095385,-11.89052025639281,-7.507012844085693,-4.195805794350346,2.7734121348784893,-3.301260159940136,-3.7809863485852064,7.616498946535344,-12.254339948173005,3.315804618961957,-0.42086052712129085,-5.662229996554705,-0.7050969083698428,2.904624184783624,-10.962167592681183,-18.462592999545894,3.5643266430314706,-8.342217644562526,-1.5096656534136559,-5.700831669408885,-10.102515443855403,0.8256861503635134,14.669547930055735,-11.856553061276067,-9.240551148142133,19.379042790860545,-3.618529018394801,-7.872566295217495,-2.903660866374872,-3.418934240024917,-9.813504242775391,-13.810918574430504,15.467041380551397
210,8.192560282136713,-2.812989726510583,4.974051947496375,15.505764594339595,-1.5871975263770746,-6.075554916140985,-12.108426298870116,-8.351817151721644,11.912630672965731,8.028614420595826,-12.721044626771187,-6.4844879985844,-0.9904205324698467,2.712649311338152,6.479906512766468,-10.253335220473152,-8.34608025940097,-0.2779315612754043,-1.0796008973705524,2.2431239789845994,-4.6462289800449295,-5.435459248873652,-11.218621724722336,-3.926056704959091,-6.282895088195801,-1.9328535667487554,-3.8892298459398504,-8.69257856996692,-14.008059975824185,6.277027200204225,0.8720529348570474,-4.222102834253895,2.7470029318819242,-0.12140129901924912,-5.126703752546894,-3.82714796796137,-5.7855107639631145,-2.1994428825469647,-7.598709764529247,-0.34802543934510677,-4.873950298951597,-12.491090674789584,0.2773933488571522,-4.38387549470882,0.2319595833898199,-7.515988492539951,0.03552272155576823,17.399555222112305,-5.41742543298371,-6.799657822567589,-5.064798140404176,-4.767374445133063,-1.0563956158501762,-3.3936223653810367,2.607034735533656
211,-0.6414549809937574,-10.007824632586265,-14.314566122025859,-2.2349649273923466,-1.1122032403945923,-2.046261358626035,-9.267423320789726,7.216881469804413,-10.139391775033912,15.133967670555018,-12.769395127588389,-0.8535395015259178,-11.6356438215898,-3.960180503525296,-0.3010160290465063,-10.182437603342898,-0.35890442376234094,-8.169923330524139,-11.542489690440041,0.5280136569422118,-8.408926955899414,-3.729920098976213,-19.75573477513936,-3.5259456209534283,-12.862192746327848,-2.6459242954698143,-4.285920644293026,-20.461637204931098,-4.652368573509917,-0.0272472366994741,-4.535954254346767,-9.101403540494491,-1.5798497005384795,-7.633238230328247,-4.920331242760377,-11.122822019518638,-6.731000207516612,-8.735626564342148,0.7142150973787114,-4.506464902235537,-1.9485421582144133,-10.680522211352173,-9.684638329306427,1.7115318483235884,-1.5295807305647402,-12.640762259157336,-7.26827475246118,-14.300465746573648,-10.525014993487572,-8.598169151009346,-5.2747213141042355,-6.125355955289335,-4.130435103056382,-12.616891082452268,-5.801490686377701
212,-7.2698864012348405,2.5052585686956133,-10.597234060569685,-3.216735979732202,0.9330773736749377,-6.2127337589555856,-3.8236077573834635,-15.990056853817434,5.495911393846784,3.005756900626786,-11.562324851143117,7.89321527189138,-3.2068528991040526,-6.592285131337121,3.5814588276707395,-0.26881765178879913,5.074717397592505,-3.3595176147563115,9.533916003850042,-9.5745901696536,-3.4210656759690266,-21.732971638441086,-13.74245761851875,0.6451294197111713,-10.114658579534414,-1.1635068855723556,-3.9779603967861252,-3.0369379864055284,0.780731278414629,4.210233846185159,-3.451716539887141,1.4925049984333467,13.677375285905235,11.497926337682472,1.487746196589908,-8.538100515093122,4.257919884153774,-6.95364022376586,-2.8656716077132343,-3.5710321990202885,-11.188820104209745,-14.488096363690435,-4.411402916421696,-5.022085204416392,2.2959521230386226,-14.781574677447884,-10.596313060546407,2.724433113117607,-7.5779635273680395,-10.33682356318649,-1.989795058509525,-0.9936512380230184,-5.229607438098411,-4.527201691452338,-4.494026327619747
213,-0.5931255294352161,3.1334739654343955,7.872614096622078,2.3987331715203366,2.468041855841875,3.4454722027389373,-11.775771918953682,-1.7518609777397038,-10.191597822369362,3.5726619831153323,-9.15125270142239,-2.1550764195164858,-3.9277174854461028,-7.323990672218557,-2.0106507667473386,2.5963042937979406,-3.336229209997216,4.62404236501577,1.6110065226652184,15.14862390926906,-4.649249955099457,-2.9176803681315207,-3.953478697611361,-3.5233828346340026,-3.2251390571496925,5.332465273993356,-2.1032464586350383,4.051492303001638,6.35011673095275,-5.346392254440152,-3.551901068006243,8.787038885817235,-17.18052418864503,1.0876867418386498,-7.705259090175434,-0.28574278768228023,2.2787478055272783,3.6876126308830415,3.4609890561930987,1.539740721790158,1.1880832820826648,-6.220365824291901,-7.940391282341918,1.307065628621043,7.00245413244987,4.560336436544146,8.442990491584856,13.860369361176783,-6.54763016895372,-3.3590388909286384,7.333667967392474,-1.2529215520741988,3.1799508162907193,-3.3550451032969417,-2.3700149594521034
214,0.17390991960253036,-5.352024029712288,-7.583201672957868,-4.345643515489539,-2.5480189332548453,8.928412680723229,-0.6667438544789139,5.921723647385227,6.639237131391253,11.496444409903216,2.8729811955471427,6.888610394633546,2.949802880384484,-6.871665501929059,1.1219311502515052,2.1687065822129346,6.32650719613445,6.434065950160124,8.151203282633606,-1.1448614606443717,-2.5422170913341096,-9.534134955430517,-5.815475698636503,-9.341165938547679,2.9544105420307236,-3.6507046909964815,-4.070334310586355,-5.320472843792974,0.5127709699528558,-1.1310159128387363,-4.573118531202176,-7.359761444889769,4.589246660394936,3.613748777885826,2.787220150840526,-5.096093216112682,-7.953751486574053,-9.793010412430277,7.212499083304892,0.1819978917435724,-2.8833851738243688,-4.255710825628164,-7.049830256524134,6.430463235388149,2.078644792644345,2.578269121598224,-16.329006334956812,-36.08498639719827,-1.5485491314712836,-4.064306036094013,-1.0921415032780901,0.11007156359906099,-9.994277227898033,-9.875178952606356,3.2620626785317244
215,0.2568357088127915,-1.5906948389447466,-9.394878752985779,-4.022266323469123,1.4724924175106748,-7.280276168974078,-8.285112040991686,-4.519057959926371,4.070368966885975,-4.3464778223816225,-7.665154311121727,11.833434163307658,-3.428898818942965,-4.563493538875969,-0.9027619970088102,-3.474989194651039,-1.4248037551130568,-0.8577211663431051,-11.685413499267733,0.4288539624944025,-3.0429471074318397,-8.519466560105888,-6.124505289963314,1.5166143300581951,-1.7002669055851138,-0.6581767011357813,-9.5908491485277,-8.0905494495314,-4.6396641227967885,-12.123678455699464,-3.4877137468785655,14.097194249228556,-5.063630826619207,-4.741425986800875,-2.2008902637325987,-7.367750797952924,-0.5879453846386501,-1.436552541596549,2.2215249203905767,-4.347907692193985,-1.1455777786215957,-11.312589931244753,-3.1898216614404653,0.007981011758045274,-7.444968180388821,-5.505552640678931,4.450260266357539,-13.893014978693456,-6.733804430280413,-3.93565225357912,-2.6381654299757615,-5.3064987367513226,-1.3686171861327425,-8.090441091936462,-12.63567128899146
216,-7.074277137007032,-4.5350974725217235,-14.254972609938408,-6.145797055594775,-11.581164848515574,-10.465162340475588,-12.04116837345824,-2.0445689254877517,-7.942772945579217,-3.4733972014213097,-11.885228074326808,-4.633451466657678,-4.95466885031486,-4.429243082294659,3.100502697788939,-4.962345372049176,-3.995500574287559,-12.575721598401362,-24.034438999331726,-0.1171702541867081,6.130417457040475,-20.511979244193252,-21.448893390747966,-8.860717882307208,-1.2328254547046156,-2.424017899194542,0.4609601899069183,-3.9986985788053397,-18.820697064302404,-6.174486171226112,-9.078572205134801,-16.06386832102221,-2.0385298278866983,-7.0878614552167,-1.543695831177186,-11.245486529505982,-5.432560086098253,-11.007192508602628,-2.5564520091426615,-4.440425478682226,-13.78774411945927,-2.6773606797262115,-8.820795945367035,-6.382128825753319,-11.725056010241412,-19.851961208849538,-25.01952313403694,-19.944116514556264,-10.344380938276952,-10.244261869514474,-5.5758442750998904,-7.35033621791066,-9.309060662984848,-7.289846305070179,-12.356728180330627
217,-2.9966214943905265,-4.403481521776745,-14.277045324748876,-0.7370826589817904,-9.01544495413498,-3.0402429121337375,-3.66163175872394,0.4624433511373948,0.1721023734734983,7.938528282909977,-6.315124289721859,5.174675790631041,-1.6598848633620205,-3.882647863456181,-1.26381262467832,-6.483960896730423,-5.179087465172824,-2.0422584992282244,-29.457434586116246,-9.854134894299264,8.276245242859028,-8.374875516307597,-7.6871321722865105,-1.1086992560600748,1.613844935991326,-4.70654788187572,-3.13177546828377,-1.874739257656798,9.117772583602642,-4.418031750893106,-0.11758451559105698,-1.8975606767498716,-2.5994561284172293,-8.986521911864378,3.233663041980899,-12.779372527891276,-4.455050938895771,-9.119777184359881,3.3892373381828773,-0.5328223699209641,-1.1988098898104258,-4.168100113163189,-8.583571370767087,-0.865322365748639,-7.3925377969839134,-9.651036337322118,7.45413918739983,-41.67485141267582,-2.217775447028024,-1.8664287694406754,0.3110118411025222,-6.462828185181229,0.31170288579804556,9.501206727356326,-15.363533964532675
218,-3.1819934699000143,3.3124861331010353,-8.289916700474462,3.850001349741099,-8.399670013359614,-10.297123422428053,-0.9843267159802573,-0.6419747211039066,-4.447366417670737,3.147976660910918,-7.543213619869583,5.3843074912319375,-0.734976377110092,-4.423337834564094,-5.999547828825152,-7.237674243900241,6.152560807004267,0.7016936978515314,-0.9196740972752474,-8.735172338023478,-10.91924548270751,3.973717322154921,4.9600285294712805,-3.8995247325118707,4.9185803337972995,-0.7558701731720749,1.0494533923207496,-3.28608368344757,-5.1194553892223205,-5.437761758663217,-4.251835358082031,-3.536340594595792,-13.315573553953852,-7.932374931111628,-5.8316592987702816,-2.5334146174849295,9.516750726772814,-1.430261577270469,-3.184291842032452,-1.5490697453520736,-3.390488946924404,-1.9510113519369339,-6.993517496147934,3.026591404360168,-5.321252049232016,-3.9118912521065496,-7.719918671007059,-6.100801197849974,-0.5543277871852018,-9.358363365640445,-15.28887237334738,-6.138079162458984,-5.199577607062398,1.0709812963495449,-0.6296038761430857
219,-14.404788842614817,1.9787837595355755,-0.22469401724484503,-11.65061720901606,-2.7796586205308533,-17.885982557218902,-5.816490355803042,0.004724467895468887,2.345987919642001,8.702395540110919,-2.74165224420781,-0.820104721762544,-3.80812976129201,4.524941113530373,-3.578169916357313,-2.515612604362624,5.3748140493217775,1.999360673433664,-10.268334762174256,-15.323943790124387,-0.1592559236652997,-19.08266646521432,-2.073306494829606,0.6542369796305286,0.12975628582798704,-0.862459481978903,-1.162752822345617,-10.750275411396002,-5.410706855812851,-8.921322384050914,-5.416517798389707,-7.288841307771449,-18.615655180446957,-4.35853855220639,0.6897069507715653,-1.619778960943222,-1.9522847119642763,-5.786740359603142,-5.634741648727534,-6.737182260167842,-9.724798365515106,-1.55172606633634,-3.200358580569832,2.726081128631319,7.201845546157992,-7.1541751039271455,14.810820173852298,-11.005658665481878,-4.478428507945975,-7.694253016491325,-3.0222528847504635,-9.666691501377796,-1.6849542539946887,-4.7927034257017835,-1.6156311868404856
220,-7.5018542798198,-2.28141978595938,1.7982573798876635,3.0689656065434825,-6.426909014278529,-8.389950788902993,-6.7697828205264345,4.509449518988935,-2.897118113478836,7.010687147020077,-4.966420779422838,1.578965002176713,-5.2351899317332675,-6.88271098743592,-0.4355508502648801,-5.482731142518472,-1.2466676904230702,-3.6751915947498506,-11.140055426529475,-2.209578758599807,2.6484720761678657,5.497347101873281,-11.174476733013075,-5.050961069154496,-1.953527340475394,-1.06952136819612,-3.3980032187335345,-13.311751150355047,-6.679127589780457,-7.12654675756182,-0.6345063606847305,-18.018562321760218,-1.8706634871813717,-0.8391727914615553,-1.4997609432178491,-17.96861141068595,7.975033506294903,5.4689571681071305,-3.6936449128754285,3.0594502641838424,-8.457456195232819,-0.8009794970252075,1.278245090411938,-2.2728694899919994,6.959599581299996,2.9368079170888786,2.498705658073328,-7.481447689387263,-8.669286517616438,-5.42797995100216,-7.385898782282459,-6.753655733331581,2.572491927072406,-2.96877350125994,-9.689433144063365
221,2.2705558027539934,8.009793131935353,4.423828730777818,-0.7932165642173923,-4.266044020804824,0.01162980778180823,4.419843094689505,-5.521721243858337,2.293714648606826,8.725951062173259,4.524555371123917,1.837031256787631,-6.687842390138884,-4.342592888264631,0.16698934837263457,-8.191576288975014,3.5983048406790714,2.3780694512688383,10.39046645407774,-8.719356833672038,1.1834101847239904,-12.579780986114423,-1.7982709091536853,-2.8455469894165897,1.7763674757918533,-5.0353175118489535,-1.6348800574030196,5.528717063519419,-2.619020794423259,4.38503712294053,0.6418101489543915,-8.493152595904409,7.558912496481623,4.385146355142399,-1.7228827674169929,-0.8745208622849717,-1.0569215435154584,-10.977113768762472,-8.76896394515524,-1.3605136111074565,3.336116597360494,-5.0311600717963,0.17974258077387906,-6.999540827712234,0.2056422501194234,5.506425054705873,8.932848232437154,-4.641261218761911,1.8021480757362989,0.5926279109351489,-1.341204432808623,-4.561532497406006,1.6364317667119357,-0.5276508728156284,-5.211863663731789
222,10.146334887615271,-7.394005108852776,11.649937446020088,8.262632479473035,-6.574817198119601,10.138420028345925,9.695409067431275,6.322589843248834,-0.1802676677399752,-0.4199387966370096,-4.217030377108223,1.812298988353233,2.4971631208852845,1.3306452388666115,-1.1857266432548663,-0.2566538614277937,2.838975797806467,1.1006878492783527,2.1724845310863183,4.512884447769243,2.2164174798800023,21.50753525081946,20.034810450612284,6.390391992062939,4.24605458731554,0.7482585555360634,4.71471617720565,9.778034822065003,15.402802046464414,16.74061887118281,1.9015625079675598,-5.599981005094489,8.505519838965668,1.7803402895830116,-0.8386388104789111,4.529339752939283,1.014702472759753,6.911510969911303,4.229553205018141,4.464826651677793,15.202100841518568,10.177543291023799,2.617813945272747,3.1068590090286974,10.55857879653269,6.028078323192134,11.923445699166278,9.892843477580012,11.007933909795723,11.412605584884176,8.052510042579806,3.5841530486941338,7.557842005120248,16.90261714190853,-5.766035706413035
223,11.248221428418645,6.870727246817277,4.103843134580826,-4.1137035034825,8.422411371250542,8.90782465618484,19.301827090127126,20.723307312751302,12.151810504952255,5.068128722358723,9.532632562578941,3.385769943801724,7.477449019648591,7.050880518190715,5.05479419474699,0.7172526479983816,2.988428967339652,3.7267550789580053,17.310998961633565,1.7611355860622562,4.6944445931181615,-6.791043797317816,21.893349819341484,3.79631402012797,13.155254789761134,1.3790784654568653,10.458545795964952,13.685948192769168,16.289499028604858,15.27375790415978,4.793097139621268,-4.747799126469359,11.125891822257213,11.39191143974966,3.6968079610746734,13.451352295598813,3.9915476242954635,12.155789954321724,3.631960747193317,0.64551971031695,9.766044490799612,13.03707982835417,10.37867286618875,7.939975998839554,11.630776073251452,4.283689265044368,17.44386355670131,-4.134171777233785,20.609131764392462,7.917562394726033,15.073145462542165,5.693915070927873,0.4847716169089687,24.659921646118164,20.06224160778279
224,21.936214982246867,6.158255761983443,-5.338316854165525,8.692257487652252,9.001809389007335,10.10844125615775,5.207641336382652,19.75037660936312,7.860390624829701,-4.019197105753179,7.958939748150962,-5.412655178381472,4.986487707313226,0.3223767359645999,12.805044394328583,8.103151582333506,8.601011035393695,4.138357183154748,16.45756271542335,-1.5333964265122706,2.9166983627543157,33.74735383780635,19.179307993577453,5.757843971860652,9.49509931827078,11.652249898229327,5.081448721034186,19.89102554321289,5.9163792109002875,3.50910286027558,4.648415632393895,2.9808801622415078,-1.2472331706358462,4.576598802999574,-5.459460443379927,13.248145779784846,7.736446656134664,7.339226849225103,5.385825360840072,5.724185667703955,10.05320137252613,7.7920501645730464,11.918076230555165,11.821369166276893,12.497075522432523,9.679694912263326,4.592599228936798,1.429919106923804,19.787175204680892,14.743388256856374,3.9845787799175905,4.297333023377827,9.116064361163549,8.950387147312261,8.721032038026927
225,5.103113110576357,-1.4860334635845251,-1.1815517994822289,-4.340399408827023,7.061749711328623,0.9863851322811477,-6.683984030266197,6.942054846457073,5.744916575295584,-2.5696615619318828,1.6770898631336737,0.6152361339452316,-2.95481973323895,10.43443899913406,1.7416349990027291,0.8037126079505804,-6.5681580320304755,-1.1837865655519524,5.104133733833323,4.007245592240777,3.537075698375702,-11.838670748533035,-0.35568608069906427,6.039630507328073,-0.29729111340581155,4.517569518210936,1.2922869750431605,6.492786414008968,-2.637309582865968,-0.8438888228669459,-0.9358137861198309,-8.841052468942136,-5.735750362581136,-13.45165154398704,-1.9394407619018943,-1.637988336270257,-4.077570538435664,-3.2855337177004134,-4.129169262185389,-1.0698029356343406,-1.0800666340759821,0.7384893212999616,8.12614710720218,0.20440159950937545,-3.1796759512959696,-3.5711937653166905,5.014941910091712,-15.705064704223554,1.118963818160855,6.6135904079645265,5.368428143919731,-8.343377067118276,-1.1994527240796966,3.1173569509873587,-0.866882686712304
226,-7.189639881557348,9.389739296874222,-2.9775774527569205,-0.6525674717766898,3.3542439019193453,2.044416200749728,-3.1991418381126557,1.3419440254873158,2.198643853963942,-6.901554214559039,12.044665218616018,1.828924819180856,5.5368300658099505,2.213570896079954,3.234323002854172,-1.6813029646873474,10.494453448194022,2.8265104696762804,8.438374151988905,-3.289736292800125,6.942745093788419,21.089462652498362,21.039958765312118,0.744881267754399,13.89316793728848,4.426069573480255,11.310105800514622,-0.7238915672107619,-4.31916007338738,0.09470939271304073,6.224875858851841,5.4726537685005034,-1.1472639368504893,-0.4423555251286954,3.955792112922182,0.33837601436035974,3.439191623609893,11.08929441473922,11.09773601074608,2.908471404289713,4.173482326828704,3.1629756530936883,9.365625102909243,2.824848288860248,-1.7967623082958921,7.567699416939702,12.00485573393977,18.475439762582585,13.570540569266495,8.320097540714302,3.6982574195277933,-0.37352882964270456,-0.3375367431008086,-3.1532627672565225,5.19417474844626
227,-3.261443100413498,5.522356798454207,7.932040266844691,2.5608106066986007,-5.089039494796675,13.057180368170446,11.506831076680397,1.8878107496670313,3.2234860430566634,-1.6431543766235819,5.354407594520218,-2.250664327217608,4.909740354333605,7.526202187246206,1.760463371872902,-0.5046140429924946,7.1652715996820096,3.0457671585739874,11.925712086478894,16.547253619651404,12.330181174132289,23.47496066957104,21.864795086335164,3.2175060480224844,12.65905619154171,-2.209613640089424,1.3224641227600527,16.44768982517476,13.030348061298838,3.92778899657483,4.450515856548232,27.426880403440826,1.9595308674841512,6.142259245016137,6.750919689329303,13.421391185449094,12.946027300035468,-2.3580295062642924,5.710362743358223,8.819070250404124,14.241304199306333,12.790077401667226,5.983671711415661,2.7149620287272396,19.63365610565382,11.928636005946569,7.88503569607832,-30.632859986655568,25.74485993263673,13.789721160670933,8.189518679161461,0.7688931579492531,-7.068254690845402,7.503480681047147,-3.1946444134322967
228,8.992843467362073,8.002987896909518,11.913002011727313,6.4319734767991665,2.762988870241204,7.035345188208988,18.1209887205338,2.654439075868957,17.09497770362971,4.965740234267955,15.502250220094409,6.80650903983992,2.9231983593532016,8.380982705524989,7.329387165453969,12.650410067822252,4.776793334100928,9.886290698635335,30.054270704181828,9.718671556030001,7.444487383171004,35.860565904451875,32.020947079269256,8.690316307909635,12.969268630049667,0.7607624555120662,0.835082724386332,19.3827874435454,15.099728533199855,16.205188484368275,10.467745751750712,21.562867142868285,7.785040607257765,7.422141514262375,2.557049737901104,9.487177834218862,8.25879636298561,10.694915503871684,14.822876280667831,9.936118738535715,20.198294261432423,23.255870953202248,12.508577403289323,1.6218242535785752,23.352856069195028,-5.0852432105006,6.0234019877959275,45.44401773141355,22.267304801819275,25.418356282370432,6.295290499925613,-0.6114645551662056,12.128374077835861,17.16283493869159,13.091544879942525
229,-6.254353643680106,9.793626500635732,10.234934818987943,-3.5822969407451395,-5.651029873867424,8.420915664762866,1.593111050372221,3.668138952887788,12.635414875891744,3.3561178117382284,5.891951348556548,1.3240304665297877,9.978738303391301,6.414998458356274,3.5573170987927183,8.042620254870581,11.221026488712855,-1.551329221044268,7.226714014398809,12.63527242991389,4.132571300681756,-5.21442614769449,8.18238361027776,0.3030167246351437,11.328055005900714,-1.5904481623853957,7.336883124952414,14.635921826472087,12.700316159700861,12.022925666400365,5.350420276729428,13.937477559459452,4.115712314235921,7.751340465886252,5.680059502319414,6.2829742712938055,1.8611035827471285,11.534137752591347,5.579596610093604,3.707974481947568,11.841131352648443,17.585934660872635,10.288750820622152,0.21048163820286186,3.746658828185529,2.2406939341097463,19.687245772809398,-15.161048392860257,15.429242362781446,13.439603064437302,-0.34866483625480715,3.5351338958253664,5.499541331918872,4.21635408669102,7.088443879874385
230,-2.489443039654621,9.162344126068817,-1.0541581119201622,2.5910983912798824,-10.06131588439552,-1.2039518481006428,14.972436543630094,3.768451475367254,7.650495002464372,-1.1248886278089212,0.1565065846151235,1.926921659586381,-2.260501662079169,10.699149898120336,9.218281922899948,11.58085526449948,9.36978597057109,5.55885633157224,-5.833345247774708,3.1958604722606894,-5.193908207270564,25.207848572001165,21.736255451124542,4.506501231874738,7.475070510591779,4.526321079049792,-1.2152928697819612,16.69391686879859,5.031108887828126,-2.257041705810294,4.468664409250629,-7.364853939991825,0.6983755367751024,-2.1915195115974972,6.277221515052477,14.44092684862565,9.883964201625513,1.4349010088005845,7.6718195360534045,-1.09334811841955,9.25167151231542,7.406846820091714,12.510643016318886,1.352991951971638,4.90356527177655,2.743420270632724,6.0447656743380485,-14.42805452249488,9.260271291343534,16.15941722052438,-0.8912071974910035,1.4326976902630864,9.575503857768311,20.972069375369013,4.044501406805856
231,-1.7993083535408487,6.674772210875336,4.23445686135365,2.3682085129679464,-2.738049942011736,0.4185784063777145,8.41560523607293,0.07488833481864053,7.68569046867137,3.790874548864608,7.408054213742821,-7.1157225297421824,-0.12640458193360543,8.118585314677686,1.0894376659879879,8.297751544689646,0.4122147958497612,-4.581585924844353,-1.647128633090428,2.6178303020341054,2.1337743296611067,-12.2438710912758,12.498721446005666,3.4730748485545724,2.349779710477712,0.501961058803967,2.703251878673933,8.657752145918048,13.62449073913146,-3.273286245307144,5.328186832216321,-1.0917584706401946,4.270835995674133,-3.1939894553958155,1.0857892182408546,2.9535525112735983,1.5651762280233052,4.310642349324664,14.329362427093544,6.0795174724593455,-0.7853470648429832,9.780956885036158,12.690878280875634,-2.2106794873062445,-11.702903596114139,-8.748430022171565,-0.933960845275801,-18.710432336038473,11.484268210372147,6.947609487844973,3.02816197823505,3.0227379560071443,8.992553236533185,19.76088765871768,13.72509225990091
232,2.905532128956853,2.1108239825045194,2.7666319712084166,8.344138649045204,-0.9955247275683344,10.838667626283607,9.477129242858108,-0.8626097529670413,13.860551984942688,-2.1739422967847513,6.30734030750333,1.376139446180694,-2.928328834778192,2.5220893718758406,15.108196475067917,6.8671232504504065,0.7818205707079294,0.763643563097837,-1.2008798268376564,-2.8143322492132383,8.474458811842666,24.12676918263338,14.615141671531054,7.369050616816598,12.957842354263578,7.557991903655383,3.5381161968926995,18.165596177383346,9.60382320488594,10.918889341837897,8.625461995601654,-1.9064691516817833,9.571754816463407,5.770653873073812,5.750589531903365,18.196959845873774,5.719872955765043,3.8028560895472765,12.141266144203897,6.5855903576831425,13.124194536890302,9.323905011829066,11.808847590368622,12.539799462623742,24.4190930383546,-7.8382693577785885,-0.07689960300922394,-16.95833854042754,3.966290250116465,14.172995197529696,1.1755848356655665,0.4535908507449286,13.17748094897489,6.272467315501096,7.804594190753236
233,-2.9603990754302667,-0.9001369188938823,1.5567605325153895,-11.014054895663747,5.8984284863180045,15.303504396458061,-0.9094644201045133,2.0017059617200674,11.696613485107617,3.9886955460723565,6.549945425014107,-6.942221603831467,6.6857799942396126,1.5807632813040091,0.8616891777028843,-1.1319813503294576,9.003806026614441,-2.3975616742153556,-2.435736122788215,-1.7904713579586573,1.6775050573811239,-25.945610598033788,11.996296303612846,13.765515818127565,6.890415225710187,12.577685560498919,2.0759134799698176,-2.342258387378284,1.6149523197388163,-10.895357536418098,5.367885313776075,-2.9265056301136405,-15.101543439286095,-9.744282144977122,8.571603433818233,6.237552844748205,7.23570073137478,14.452707518728412,16.73488527019413,6.7067864756194915,1.365907866127637,13.894242789672345,10.107733938158775,2.9331930769341334,0.10470883943596665,12.096362791803418,6.0334676418985635,-11.91469471947271,-3.7232484416085847,11.783048099401046,5.079901989625425,-5.430737760602211,8.442759489526553,16.572055423746303,-4.4751918851112835
234,-14.650248356315554,12.279800225277336,-15.038771077078216,9.531334680258011,5.444158851340109,-5.007177978145833,0.5509027388631081,-8.975252178250527,5.238408404953626,4.872939627997729,18.53135993529339,-3.201129538672311,5.018753366354777,-1.3526806052850218,11.294423360909734,4.475012932504926,5.804582882900627,6.4078304135069555,-18.601960256999853,-11.094149758621137,3.2347085731370107,6.825201068605695,-9.396827343167091,1.2381430438586645,1.0564675404101003,-0.3740662457991619,0.3256986781156489,2.914358690989261,-1.1565535834857397,3.578833025328967,-1.2875110412738762,1.3657336131650575,11.707898232401634,-3.494893857410976,4.437975262500802,5.612260361107028,0.8329857381022706,2.1856627464294434,15.776145208094801,6.099125892532115,3.3995054860252467,10.892063470519318,7.367178827904317,3.58426805540007,-11.411709496561361,-13.186278856530482,-14.211243937210162,4.497080767641262,10.888912135240982,8.488434217414078,-2.155753181296952,1.1948445512323964,2.462006544580265,-10.792698155860512,5.6128537411592445
235,-10.91330572050445,7.385393996627963,-3.1226749371509164,-4.788472791107333,-0.619553162127125,-2.295874010543434,-8.592188273461497,-16.01236078781741,0.7793451044328359,2.075343891065948,11.831582285919968,11.269761367720001,-2.4354187992154337,-0.08157668369156974,2.612122416496277,6.803335565085313,3.2959314951178977,2.7610791234337553,-4.170197968580285,-21.94695169098523,3.889248108985473,-12.891101131633837,-6.802834358750557,7.264943315058338,-0.5560271683700231,-3.467797197249471,-1.7121353210235128,-1.7245794413041096,9.380892974989754,-6.282758302682517,1.0951623703752245,18.923425917722742,-3.5404971156801497,1.7796797110718123,4.415378798635638,1.2305080282444856,9.491373116872749,0.36797493331286374,9.48867086974942,5.746963378118009,-0.16519874577619592,10.135337710380554,0.35402349793181126,4.080362627700883,1.6957759960573546,-7.841205278829652,-8.247039770593448,4.267542620094455,-4.617186447491451,6.098244541761827,0.23557124089221565,-7.658118333173346,2.6135441256420955,3.2601909327263736,-23.101646948833856
236,-1.9218638746105894,-9.247267401948267,12.690467605785448,4.910429988588605,-6.837919657327691,8.464127415296982,-12.671991969857897,-11.31450171130044,-6.119024743839186,-3.3896114193663305,11.24880156985351,2.431834053020088,5.001801325046286,9.103973128661817,4.1960070181866085,8.650017425722005,7.525907477858115,5.651205571938534,-0.868278901187741,1.8823592857438691,3.9200483016213594,17.48514570767174,0.07876715710272594,16.75859658815423,-1.580492953256685,-2.6041456041287403,10.287849037014709,-8.890301814949026,6.920576509164304,-0.08436836271869894,7.078410562203855,-0.8911535216837513,-0.9556999729604138,-11.579002776620339,3.010367230493195,6.567880413970169,-1.7346152462521378,5.459190361011697,18.623004218753504,8.411559376656554,-2.44178563325989,8.518369921007935,5.672387643736236,5.744044561775363,0.8369777664846304,3.141270881404682,4.26257198197501,-5.699343240990931,-1.9185242008189767,1.9030316867390458,-1.650197971840294,-4.497604036817745,12.040756797303958,-8.72346130986603,-15.230361410549708
237,-10.156699389827494,1.3497080456237405,9.274609688897522,-0.9242437731246559,-7.961077376591916,6.4694715130085845,-0.22287046787690143,-3.7963400227682933,-1.4700831551941074,-2.5786868035793304,11.066533496185224,0.3428081797093761,6.328556594799976,5.543443103225863,1.9366100609910732,9.957127301668635,4.142998632119626,-0.8491347660215534,-1.68674969916441,3.062695710634699,3.5594561945418923,-11.291385558186745,-3.9810967858956783,0.995285591300653,-2.6333365440368652,-7.73919463279296,5.06163447487111,-1.753404374025306,9.277005176154935,-1.3150506536571347,6.647730618753299,12.813814021799029,2.4332552293733674,-1.7689389683762375,6.2867757738852985,0.7706021544884663,2.217088453623713,4.207107786849445,20.572652242621597,-2.661804468770112,3.48911701203609,13.7034241313837,4.1184022718546345,0.7937078719236412,-1.6647197567686742,3.5851491776352025,-2.1717557882776064,16.368230429230906,-13.554314883083713,1.8305721404601116,1.5763759491394977,-5.548910024214764,8.75690063530085,-6.030198782682419,-6.223884237283955
238,1.3401020923439337,-3.8086441274808376,1.7188245362165022,6.5226026445019,-9.391134617279986,3.055380820011606,3.0228893580485363,0.24705409273809317,3.031794634400582,-1.3438430186741206,0.9523444538365822,-1.4279565986778056,-1.521525816953912,6.069103197175629,2.8450111625145893,-0.972607782604743,-7.383944772640053,1.5316558516755396,-7.511582870872653,2.305947026427911,0.7128012207697849,0.8514166437849706,-3.2011212505856337,1.6367346516677312,1.1985185233001807,-0.4547952462215813,-0.4453180493140707,-0.7973978349140712,3.8434432088112342,3.5991197068776404,1.958422269139971,17.187314683305367,3.511248736965413,0.5857200452259609,4.747292459087104,-10.604947551476712,-2.1313340286819304,-2.4690109509594587,10.739241533133448,4.68890011006472,7.471406667816396,13.080073921047912,-5.538884408619939,1.3745017702482185,-13.569162198475428,-6.293356356572132,-12.466306062377228,-8.989366047236384,1.008100620337895,7.343403661129426,0.26782631129026413,-6.4270468439374655,-0.3519787861376393,-21.50025635349507,-9.840119821228543
239,-0.7941496883119855,3.2546596670029113,8.43777598258184,2.261174791929673,-6.104832452170703,-4.066645722608177,-2.4235359138371995,-0.5386222351570519,6.898994207382202,-0.8080246813443243,0.3724898530968598,-6.909996662669036,5.596071941511972,5.391024465767705,5.770058692718039,1.6813685909217717,-9.856262829838967,-6.393082127279165,4.067631585580506,-1.5766126331017942,-2.5070226913203997,-8.844040267321528,-14.034219673701696,4.371551403889851,-2.801804774269766,-0.8781694994897259,3.6119843879524542,1.3488788659475288,-1.2319057498659407,-12.24806232476721,-3.9643515068657544,6.3880946999605825,-12.333176987511772,-7.392406676724857,-0.8241745627352169,5.422460223947253,-3.6053195562289684,-5.522102598024874,-0.6590662358366713,4.667494372445709,1.1483358984090843,11.654549547604152,-0.5835763761127482,2.362884502021634,-14.18527220280803,0.362812232378186,-15.828319513067907,23.062041333743505,-17.918182426569413,0.6273072228139761,-1.7790072450832444,-7.971966671613068,13.514305599946148,-6.906279770695433,-19.531824498760457
