Spatial overlap report
Self atlas : /BICNAS2/group-northoff/jkokino/codes/har_med_codes/02_timeseries_extraction/results/atlases/self_atlas_1mm.nii.gz
Radius     : 4.0mm
Checked    : 327
Removed    : 11
Clean      : 316

REMOVED:
17	R_IPS1_ROI	24.43	-74.36	38.00	9 voxels
32	R_23d_ROI	3.40	-21.66	38.75	42 voxels
47	R_7PC_ROI	37.11	-48.67	62.98	2 voxels
50	R_MIP_ROI	22.90	-66.33	47.25	2 voxels
60	R_p32pr_ROI	8.70	13.45	39.63	2 voxels
79	R_IFJa_ROI	42.26	12.08	25.79	1 voxels
244	L_p32_ROI	-9.36	48.49	-2.37	94 voxels
266	L_9-46d_ROI	-29.45	48.82	23.00	40 voxels
279	L_43_ROI	-56.43	0.13	9.47	8 voxels
337	L_FST_ROI	-46.79	-64.16	-1.81	14 voxels
349	L_FOP5_ROI	-37.08	27.35	4.92	104 voxels

KEPT:
1	R_V1_ROI	9.95	-85.33	2.05
2	R_MST_ROI	41.68	-67.64	7.34
3	R_V6_ROI	15.06	-79.30	30.86
4	R_V2_ROI	9.88	-81.97	5.08
5	R_V3_ROI	16.18	-86.39	7.32
6	R_V4_ROI	28.34	-87.58	-0.66
7	R_V8_ROI	30.86	-76.59	-13.20
8	R_4_ROI	28.36	-19.97	55.28
9	R_3b_ROI	38.45	-23.15	53.95
10	R_FEF_ROI	41.04	-5.74	51.45
11	R_PEF_ROI	49.19	-0.33	39.63
12	R_55b_ROI	49.11	-0.94	50.05
13	R_V3A_ROI	16.98	-90.57	27.60
14	R_RSC_ROI	5.93	-37.98	19.88
15	R_POS2_ROI	9.76	-73.21	39.03
16	R_V7_ROI	25.01	-85.04	30.27
18	R_FFC_ROI	42.53	-61.45	-18.57
19	R_V3B_ROI	27.21	-81.73	18.12
21	R_LO2_ROI	43.43	-86.65	-4.08
22	R_PIT_ROI	39.61	-85.07	-14.33
23	R_MT_ROI	45.05	-73.07	8.64
24	R_A1_ROI	43.91	-24.38	11.89
25	R_PSL_ROI	58.81	-45.53	24.33
26	R_SFL_ROI	8.89	16.39	63.83
27	R_PCV_ROI	6.39	-51.68	50.39
28	R_STV_ROI	62.44	-49.93	16.70
29	R_7Pm_ROI	5.53	-68.61	52.58
30	R_7m_ROI	4.47	-63.77	37.16
31	R_POS1_ROI	13.10	-58.78	15.30
33	R_v23ab_ROI	3.93	-58.89	18.82
34	R_d23ab_ROI	3.98	-42.98	30.85
35	R_31pv_ROI	10.82	-46.70	32.04
36	R_5m_ROI	6.80	-41.12	62.67
37	R_5mv_ROI	14.33	-36.70	49.76
38	R_23c_ROI	12.11	-31.21	42.73
39	R_5L_ROI	14.99	-46.62	72.18
40	R_24dd_ROI	7.32	-16.85	50.55
41	R_24dv_ROI	9.60	-2.67	45.21
42	R_7AL_ROI	21.45	-51.84	67.59
43	R_SCEF_ROI	6.83	3.38	58.33
44	R_6ma_ROI	19.13	3.23	68.34
45	R_7Am_ROI	8.65	-58.98	62.79
46	R_7PL_ROI	14.43	-72.79	57.45
49	R_VIP_ROI	23.73	-64.60	63.83
51	R_1_ROI	45.94	-26.50	57.66
52	R_2_ROI	37.71	-34.34	53.56
53	R_3a_ROI	35.19	-21.01	43.21
54	R_6d_ROI	35.05	-13.83	66.71
55	R_6mp_ROI	12.90	-14.84	70.86
56	R_6v_ROI	59.73	3.60	32.53
58	R_33pr_ROI	3.08	9.58	28.64
59	R_a24pr_ROI	5.88	16.72	31.51
61	R_a24_ROI	6.69	41.64	-3.44
62	R_d32_ROI	8.81	40.05	25.61
64	R_p32_ROI	11.81	49.94	-0.99
65	R_10r_ROI	7.93	52.09	-8.27
66	R_47m_ROI	36.98	32.35	-14.48
67	R_8Av_ROI	39.05	16.69	51.93
68	R_8Ad_ROI	24.48	25.81	43.60
69	R_9m_ROI	7.03	52.96	25.48
70	R_8BL_ROI	12.62	35.27	54.16
71	R_9p_ROI	20.29	45.00	39.61
72	R_10d_ROI	11.87	65.17	10.22
73	R_8C_ROI	43.22	13.08	37.79
74	R_44_ROI	54.20	15.43	12.73
75	R_45_ROI	50.89	25.75	2.62
76	R_47l_ROI	46.88	29.87	-10.25
77	R_a47r_ROI	41.58	47.87	-11.31
80	R_IFJp_ROI	41.45	2.81	29.69
81	R_IFSp_ROI	50.27	21.92	22.15
83	R_p9-46v_ROI	46.70	28.48	27.86
84	R_46_ROI	38.83	37.52	31.15
85	R_a9-46v_ROI	40.02	51.19	9.11
86	R_9-46d_ROI	30.42	45.94	22.87
87	R_9a_ROI	21.21	55.66	26.39
88	R_10v_ROI	5.41	53.35	-17.20
89	R_a10p_ROI	28.27	58.42	-4.73
90	R_10pp_ROI	15.15	61.72	-14.44
91	R_11l_ROI	27.12	47.67	-14.72
92	R_13l_ROI	23.93	29.43	-19.41
93	R_OFC_ROI	11.21	32.01	-24.12
94	R_47s_ROI	34.27	21.81	-19.25
95	R_LIPd_ROI	29.64	-55.40	43.61
96	R_6a_ROI	25.76	-3.89	55.49
97	R_i6-8_ROI	32.24	5.45	58.89
98	R_s6-8_ROI	23.22	21.81	57.61
99	R_43_ROI	57.91	-0.51	9.22
100	R_OP4_ROI	60.65	-13.48	15.50
101	R_OP1_ROI	48.71	-22.11	19.31
102	R_OP2-3_ROI	41.06	-16.48	18.96
103	R_52_ROI	39.35	-20.35	-0.83
104	R_RI_ROI	40.31	-34.52	19.85
105	R_PFcm_ROI	52.32	-32.46	21.35
106	R_PoI2_ROI	39.95	-1.90	-0.90
110	R_Pir_ROI	30.90	6.07	-17.92
111	R_AVI_ROI	30.67	24.96	-2.66
112	R_AAIC_ROI	33.20	14.30	-11.52
113	R_FOP1_ROI	50.57	1.63	4.28
114	R_FOP3_ROI	36.19	2.30	12.76
115	R_FOP2_ROI	43.24	-4.44	14.39
117	R_AIP_ROI	38.84	-41.10	43.92
118	R_EC_ROI	22.62	-11.83	-30.52
119	R_PreS_ROI	16.92	-32.75	-12.99
121	R_ProS_ROI	22.36	-56.44	4.69
122	R_PeEc_ROI	32.56	-9.82	-33.86
123	R_STGa_ROI	52.27	12.11	-15.15
124	R_PBelt_ROI	54.07	-25.97	8.88
125	R_A5_ROI	64.11	-15.01	-1.33
126	R_PHA1_ROI	23.71	-36.85	-15.21
127	R_PHA3_ROI	31.73	-38.98	-16.87
128	R_STSda_ROI	55.80	-6.28	-10.04
129	R_STSdp_ROI	53.92	-31.68	0.88
130	R_STSvp_ROI	55.77	-34.16	-3.97
131	R_TGd_ROI	41.54	10.92	-33.69
132	R_TE1a_ROI	61.40	-7.29	-20.98
133	R_TE1p_ROI	62.20	-45.88	-11.10
134	R_TE2a_ROI	57.36	-23.51	-27.98
135	R_TF_ROI	43.69	-24.38	-27.79
136	R_TE2p_ROI	48.40	-44.16	-19.29
137	R_PHT_ROI	59.44	-59.77	0.22
139	R_TPOJ1_ROI	54.33	-45.78	9.30
140	R_TPOJ2_ROI	53.49	-61.77	12.40
141	R_TPOJ3_ROI	43.49	-71.70	18.67
142	R_DVT_ROI	19.28	-73.14	34.02
143	R_PGp_ROI	38.52	-84.38	24.88
144	R_IP2_ROI	39.43	-50.96	41.98
146	R_IP0_ROI	31.08	-77.31	26.95
147	R_PFop_ROI	63.44	-23.29	26.15
149	R_PFm_ROI	50.50	-57.50	43.57
151	R_PGs_ROI	41.60	-74.78	38.51
152	R_V6A_ROI	21.88	-86.02	42.44
153	R_VMV1_ROI	19.98	-55.46	-6.62
154	R_VMV3_ROI	28.30	-62.87	-11.37
155	R_PHA2_ROI	31.87	-37.31	-11.64
156	R_V4t_ROI	48.56	-79.15	0.85
157	R_FST_ROI	48.15	-68.29	2.15
158	R_V3CD_ROI	36.46	-88.08	12.49
159	R_LO3_ROI	46.59	-80.23	12.49
160	R_VMV2_ROI	28.31	-55.90	-5.92
161	R_31pd_ROI	10.03	-53.03	35.88
162	R_31a_ROI	5.24	-38.27	42.83
163	R_VVC_ROI	31.75	-53.22	-17.34
164	R_25_ROI	5.50	24.39	-13.68
165	R_s32_ROI	8.62	35.68	-14.15
166	R_pOFC_ROI	14.36	13.66	-20.57
167	R_PoI1_ROI	38.62	-10.79	-3.88
168	R_Ig_ROI	36.14	-14.97	14.26
169	R_FOP5_ROI	36.03	26.82	5.00
170	R_p10p_ROI	25.15	61.00	5.12
171	R_p47r_ROI	45.75	42.96	0.83
172	R_TGv_ROI	40.74	-2.30	-44.38
173	R_MBelt_ROI	45.45	-16.69	3.60
174	R_LBelt_ROI	45.41	-27.38	8.48
175	R_A4_ROI	64.05	-22.61	9.08
176	R_STSva_ROI	52.24	-9.85	-15.69
177	R_TE1m_ROI	64.98	-26.75	-14.75
178	R_PI_ROI	44.60	-2.96	-14.51
179	R_a32pr_ROI	9.65	29.02	28.54
180	R_p24_ROI	5.80	36.74	15.48
181	L_V1_ROI	-11.92	-81.85	4.19
182	L_MST_ROI	-42.79	-64.94	4.14
183	L_V6_ROI	-17.52	-76.90	31.24
184	L_V2_ROI	-12.27	-79.45	6.25
185	L_V3_ROI	-19.62	-86.35	8.28
186	L_V4_ROI	-29.75	-84.26	-0.85
187	L_V8_ROI	-29.93	-73.36	-12.85
188	L_4_ROI	-27.69	-17.84	57.37
190	L_FEF_ROI	-43.83	-1.75	51.62
191	L_PEF_ROI	-46.14	3.10	36.42
192	L_55b_ROI	-49.37	2.19	47.01
193	L_V3A_ROI	-18.32	-88.18	31.82
194	L_RSC_ROI	-5.77	-36.79	21.18
195	L_POS2_ROI	-12.57	-70.29	39.66
196	L_V7_ROI	-28.40	-82.50	33.75
197	L_IPS1_ROI	-26.91	-71.12	39.43
198	L_FFC_ROI	-40.32	-54.34	-19.48
199	L_V3B_ROI	-29.54	-76.09	21.61
200	L_LO1_ROI	-37.91	-80.45	4.00
201	L_LO2_ROI	-44.43	-84.47	-1.20
202	L_PIT_ROI	-41.80	-81.02	-12.60
203	L_MT_ROI	-49.89	-70.39	7.74
204	L_A1_ROI	-42.88	-20.54	10.60
205	L_PSL_ROI	-63.47	-36.06	25.44
206	L_SFL_ROI	-8.34	13.55	66.01
207	L_PCV_ROI	-6.19	-52.82	52.15
208	L_STV_ROI	-59.81	-42.81	18.50
209	L_7Pm_ROI	-6.71	-67.45	54.50
210	L_7m_ROI	-4.76	-63.07	36.97
211	L_POS1_ROI	-13.78	-56.60	17.58
213	L_v23ab_ROI	-4.67	-55.12	19.72
215	L_31pv_ROI	-10.73	-43.98	33.85
216	L_5m_ROI	-6.03	-39.04	65.48
217	L_5mv_ROI	-13.04	-39.11	53.78
218	L_23c_ROI	-11.44	-32.87	44.05
219	L_5L_ROI	-14.09	-45.48	74.25
221	L_24dv_ROI	-9.74	-4.38	46.11
222	L_7AL_ROI	-22.26	-50.57	68.25
223	L_SCEF_ROI	-6.87	2.38	59.11
224	L_6ma_ROI	-19.03	2.77	67.59
225	L_7Am_ROI	-10.26	-58.74	64.42
226	L_7PL_ROI	-15.81	-70.81	59.64
227	L_7PC_ROI	-35.28	-47.42	62.75
228	L_LIPv_ROI	-27.81	-55.67	53.91
229	L_VIP_ROI	-23.15	-61.92	64.46
231	L_1_ROI	-46.27	-22.10	56.36
232	L_2_ROI	-36.88	-30.86	52.76
233	L_3a_ROI	-31.72	-20.44	47.05
234	L_6d_ROI	-36.76	-11.65	64.41
235	L_6mp_ROI	-16.85	-12.16	68.55
236	L_6v_ROI	-59.12	6.28	30.46
237	L_p24pr_ROI	-4.72	-4.41	40.30
238	L_33pr_ROI	-3.85	11.13	27.93
239	L_a24pr_ROI	-4.71	17.27	33.11
240	L_p32pr_ROI	-10.33	11.90	40.42
242	L_d32_ROI	-8.43	37.77	27.50
243	L_8BM_ROI	-5.87	27.13	47.59
245	L_10r_ROI	-6.91	50.78	-9.64
246	L_47m_ROI	-33.33	33.25	-15.79
247	L_8Av_ROI	-40.22	18.40	48.52
250	L_8BL_ROI	-13.10	37.77	51.71
251	L_9p_ROI	-19.88	48.28	35.53
252	L_10d_ROI	-9.82	66.47	5.70
253	L_8C_ROI	-39.69	15.96	35.24
254	L_44_ROI	-52.91	19.31	10.22
255	L_45_ROI	-50.22	27.00	2.34
256	L_47l_ROI	-45.73	32.92	-13.40
257	L_a47r_ROI	-38.63	51.98	-8.11
259	L_IFJa_ROI	-44.77	16.85	25.06
260	L_IFJp_ROI	-38.17	7.61	27.03
261	L_IFSp_ROI	-48.95	28.08	19.06
262	L_IFSa_ROI	-48.61	37.37	5.56
263	L_p9-46v_ROI	-45.98	31.22	27.80
264	L_46_ROI	-36.81	38.60	30.35
265	L_a9-46v_ROI	-39.97	51.33	9.76
268	L_10v_ROI	-4.16	53.49	-16.40
269	L_a10p_ROI	-25.56	61.04	-8.08
270	L_10pp_ROI	-13.51	61.90	-15.84
271	L_11l_ROI	-25.57	47.54	-15.71
272	L_13l_ROI	-21.54	29.27	-18.03
273	L_OFC_ROI	-8.95	34.11	-24.21
274	L_47s_ROI	-31.41	22.99	-19.34
275	L_LIPd_ROI	-29.10	-52.41	43.05
276	L_6a_ROI	-27.26	-1.83	53.24
277	L_i6-8_ROI	-34.27	8.66	58.46
278	L_s6-8_ROI	-21.48	17.96	59.61
280	L_OP4_ROI	-57.89	-11.98	15.21
281	L_OP1_ROI	-43.48	-19.43	19.49
282	L_OP2-3_ROI	-38.73	-13.13	18.24
283	L_52_ROI	-38.94	-19.26	0.49
284	L_RI_ROI	-40.94	-30.29	18.96
285	L_PFcm_ROI	-48.82	-27.67	22.34
287	L_TA2_ROI	-50.98	1.40	-5.75
288	L_FOP4_ROI	-38.22	14.32	7.74
289	L_MI_ROI	-36.57	12.07	1.79
290	L_Pir_ROI	-31.90	7.76	-18.97
293	L_FOP1_ROI	-46.99	3.90	5.73
294	L_FOP3_ROI	-34.32	7.85	11.55
295	L_FOP2_ROI	-40.47	-1.95	15.28
296	L_PFt_ROI	-55.55	-21.69	39.79
298	L_EC_ROI	-20.58	-12.47	-29.46
299	L_PreS_ROI	-16.88	-32.88	-11.37
300	L_H_ROI	-26.46	-20.76	-18.10
301	L_ProS_ROI	-21.64	-49.60	2.88
303	L_STGa_ROI	-50.59	14.71	-17.77
304	L_PBelt_ROI	-56.69	-18.37	8.15
305	L_A5_ROI	-62.76	-13.82	-2.65
306	L_PHA1_ROI	-22.70	-34.83	-16.02
307	L_PHA3_ROI	-33.87	-36.89	-15.22
308	L_STSda_ROI	-52.72	-1.90	-14.56
309	L_STSdp_ROI	-49.62	-26.99	-1.75
310	L_STSvp_ROI	-57.96	-30.02	-4.54
311	L_TGd_ROI	-38.06	13.77	-35.23
313	L_TE1p_ROI	-61.62	-42.57	-12.65
314	L_TE2a_ROI	-55.22	-17.07	-30.43
315	L_TF_ROI	-41.32	-21.12	-29.02
316	L_TE2p_ROI	-48.05	-39.27	-20.53
317	L_PHT_ROI	-59.66	-55.32	-3.78
319	L_TPOJ1_ROI	-54.49	-42.21	10.16
320	L_TPOJ2_ROI	-53.53	-57.47	7.89
321	L_TPOJ3_ROI	-43.96	-62.87	16.36
322	L_DVT_ROI	-21.22	-68.65	32.36
323	L_PGp_ROI	-42.26	-78.78	26.47
324	L_IP2_ROI	-42.57	-43.81	44.95
325	L_IP1_ROI	-35.33	-64.23	45.45
326	L_IP0_ROI	-33.85	-72.14	30.60
327	L_PFop_ROI	-62.31	-18.61	25.72
328	L_PF_ROI	-60.54	-30.17	37.16
329	L_PFm_ROI	-53.26	-47.52	43.70
331	L_PGs_ROI	-45.63	-67.12	42.77
332	L_V6A_ROI	-23.38	-82.61	45.80
333	L_VMV1_ROI	-18.48	-55.31	-7.53
334	L_VMV3_ROI	-27.75	-59.50	-9.92
335	L_PHA2_ROI	-30.75	-34.64	-13.34
336	L_V4t_ROI	-49.92	-75.72	-1.10
338	L_V3CD_ROI	-36.34	-82.67	14.47
339	L_LO3_ROI	-44.91	-76.23	11.28
340	L_VMV2_ROI	-27.25	-54.56	-6.06
341	L_31pd_ROI	-10.67	-52.50	37.29
342	L_31a_ROI	-6.22	-40.93	42.16
343	L_VVC_ROI	-28.82	-45.20	-18.17
344	L_25_ROI	-3.78	22.60	-13.12
345	L_s32_ROI	-4.81	35.76	-14.12
346	L_pOFC_ROI	-14.06	13.85	-19.34
347	L_PoI1_ROI	-38.27	-8.72	-5.39
348	L_Ig_ROI	-36.49	-11.79	12.81
350	L_p10p_ROI	-24.89	60.42	4.63
351	L_p47r_ROI	-45.73	44.15	-3.89
352	L_TGv_ROI	-35.97	-0.95	-45.48
353	L_MBelt_ROI	-45.77	-15.36	4.17
354	L_LBelt_ROI	-47.37	-24.25	10.19
355	L_A4_ROI	-64.27	-15.41	6.83
356	L_STSva_ROI	-53.87	-9.79	-16.75
357	L_TE1m_ROI	-64.73	-22.93	-15.65
358	L_PI_ROI	-44.34	-3.28	-12.89
359	L_a32pr_ROI	-10.80	26.76	30.62
360	L_p24_ROI	-5.09	36.57	16.19
